-0.982862, -1.43657, -1.27046, -0.128147, 1.38253, 1.15053, 0.479983, -0.0885815, 0.840997	0
-0.113665, 0.543852, 1.80048, -0.34611, -1.19175, -0.790232, -0.374128, -0.414459, 0.47434	0
-0.784912, 0.697437, 0.28956, -0.210664, -0.55425, 0.848551, -1.51177, 1.73905, -0.760144	0
-1.82174, 1.21109, 0.309992, 0.0488399, 1.56631, 1.98904, -2.17087, -0.70555, -0.270232	0
-0.731425, -0.468096, -2.1856, 0.18845, 1.31084, 1.11333, 0.253128, 0.19697, 0.345624	1
-0.228412, -0.933023, -1.9425, 0.834482, 1.6971, 0.387833, 0.474084, 1.00572, -1.13455	0
0.459846, -0.899435, 0.90358, -0.223549, -0.0185223, -1.5073, 0.380746, 0.356796, 0.256366	0
0.671649, -0.0541376, 0.0581919, 0.0406244, 0.694852, -1.90118, 0.726682, 0.433339, -0.739545	0
-0.511294, 0.111602, 0.351381, -0.326949, -1.25369, -0.525916, 0.555359, 0.688249, 0.500848	0
0.0898039, 0.307676, 0.679267, -1.75309, -1.3568, -1.98351, 0.0228812, -0.243272, -0.380589	0
0.691124, -0.264883, 0.101441, -0.136549, -1.19164, -0.646123, 0.0434951, -0.0544023, 0.979233	0
1.02225, 0.313051, 0.77176, 0.972993, 1.14922, 0.381913, 0.748923, -2.73798, -2.45705	0
1.02225, 0.313051, 0.77176, 0.972993, 1.14922, 0.381913, 0.748923, -2.73798, -2.45705	0
-0.673094, -0.727009, -1.90128, 1.27521, 0.80163, -0.123274, 0.947325, 0.177557, 0.275422	0
0.989533, 0.731344, -0.450316, 0.450736, -0.326218, -1.53782, -0.329434, 0.508264, -0.238976	0
0.185673, 0.533935, -0.784086, 0.0549792, -0.379095, 1.74843, -1.4658, -1.36989, 1.16921	0
0.595892, -0.286114, -1.02516, -0.150267, -0.988598, -0.0867409, 0.695314, 0.60213, 0.237909	1
-2.23864, 0.741456, 0.635935, 1.02267, 1.69221, 1.6199, -2.28403, -0.29476, -0.620423	0
-1.18694, 1.19475, 0.535577, -1.62458, 0.0861155, 1.30097, -0.944871, 0.194295, 0.1835	1
-0.93969, 0.00267588, -1.73888, -0.0156, -0.0266071, 1.41725, 0.402341, 0.0189669, 0.694381	0
-0.669267, -0.465884, -1.50725, 0.0141626, -0.197655, 0.898328, 0.260349, 0.497642, 0.912334	1
-0.857199, 0.685821, -0.181856, -0.710616, -0.722162, 0.411156, -0.40539, 1.462, -0.00495377	0
0.74822, 1.37168, 0.256007, -0.743582, -1.56043, -0.129534, -0.188601, 0.0713023, -0.29402	0
-0.243334, 0.972632, 1.15542, 0.467974, 0.281112, -2.12148, -0.105259, -0.421031, -0.0274418	0
-0.243334, 0.972632, 1.15542, 0.467974, 0.281112, -2.12148, -0.105259, -0.421031, -0.0274418	0
-1.03525, -0.820515, -0.459629, 2.41244, 2.58068, 2.03641, -1.67542, -1.23163, -1.34859	0
-1.03525, -0.820515, -0.459629, 2.41244, 2.58068, 2.03641, -1.67542, -1.23163, -1.34859	0
-0.119903, 0.918222, -0.344666, -0.871012, -0.22508, 1.29932, -1.90733, 0.263852, 0.65376	0
1.11557, -0.336061, -0.221141, 0.270282, -0.489256, -1.37649, 0.379391, 0.515955, -0.156929	0
1.11557, -0.336061, -0.221141, 0.270282, -0.489256, -1.37649, 0.379391, 0.515955, -0.156929	0
0.361285, -0.538939, -0.367442, 0.0996701, -0.690208, -0.418714, 0.715333, 1.50156, -0.957611	0
0.361285, -0.538939, -0.367442, 0.0996701, -0.690208, -0.418714, 0.715333, 1.50156, -0.957611	0
1.05009, 1.0173, 0.437491, -2.09606, -1.66136, -1.6563, -0.904122, -1.02512, -2.60674	0
1.05009, 1.0173, 0.437491, -2.16973, -1.38323, -1.52973, -0.904122, -1.02512, -2.60674	0
1.05009, 1.0173, 0.437491, -1.31979, -1.82833, -1.20723, -0.904122, -1.02512, -2.60674	0
0.447988, 0.985116, 0.93469, -0.960581, -0.975631, -0.899807, 0.155539, 0.104341, -0.193065	0
1.5004, -0.308555, -0.754655, 1.06215, -0.401189, -1.23505, 0.424743, 0.0443836, -0.537403	0
1.5004, -0.308555, -0.754655, 1.06215, -0.401189, -1.23505, 0.424743, 0.0443836, -0.537403	0
1.5004, -0.308555, -0.754655, 1.06215, -0.401189, -1.23505, 0.424743, 0.0443836, -0.537403	0
1.5004, -0.308555, -0.754655, 1.06215, -0.401189, -1.23505, 0.424743, 0.0443836, -0.537403	0
1.5004, -0.308555, -0.754655, 1.06215, -0.401189, -1.23505, 0.424743, 0.0443836, -0.537403	0
1.5004, -0.308555, -0.754655, 1.06215, -0.401189, -1.23505, 0.424743, 0.0443836, -0.537403	0
0.828302, 1.78088, 0.571023, 1.31951, -0.695164, -0.594108, -1.37078, 0.0259858, -1.93876	0
0.0266975, 0.434834, 0.269389, -1.18782, -0.499464, -0.61831, -0.0132258, 0.615663, 0.578074	0
1.56495, -0.186043, -0.405985, -0.841995, 1.14261, -0.0319082, -1.79991, 0.173379, 0.165773	0
-1.33048, 0.22109, 0.800603, 1.86401, 1.42575, 0.28446, 0.817353, -0.501576, -3.1698	0
0.127134, -0.650213, -0.428893, 0.823428, -0.360281, -0.635022, -0.834216, 1.67059, 0.0498917	0
0.226254, 0.73782, 2.04421, 1.13476, 1.56036, -0.319226, -2.05073, -0.66495, -2.43003	0
-1.11211, 1.88099, 0.192777, -1.09674, -0.193068, 1.22489, -1.01691, -0.499119, 0.392796	0
-0.220513, -0.0310724, -1.0074, -0.609884, -0.543891, 0.0850747, 0.88942, 0.678732, 0.423621	0
-2.2298, 0.679797, 0.829303, 0.0426966, 0.110013, 2.10794, -1.42637, -0.284197, 0.0844987	0
-2.2298, 0.679797, 0.829303, 0.0426966, 0.110013, 2.10794, -1.42637, -0.284197, 0.0844987	0
-2.2298, 0.679797, 0.829303, 0.0426966, 0.110013, 2.10794, -1.42637, -0.284197, 0.0844987	0
-2.2298, 0.679797, 0.829303, 0.0426966, 0.110013, 2.10794, -1.42637, -0.284197, 0.0844987	0
-2.2298, 0.679797, 0.829303, 0.0426966, 0.110013, 2.10794, -1.42637, -0.284197, 0.0844987	0
-2.2298, 0.679797, 0.829303, 0.0426966, 0.110013, 2.10794, -1.42637, -0.284197, 0.0844987	0
1.11838, -0.0895499, -0.718942, 0.492898, -0.887143, -0.467545, 1.12303, 0.484026, -1.32477	0
0.940456, -1.06352, -0.788579, -0.48673, -0.162604, -0.222729, 0.461986, 0.676876, 0.274332	0
0.45707, -0.213497, -0.572529, -0.634383, -0.289254, -0.642632, 0.243778, 0.388489, 0.898114	1
-0.0420664, -0.955763, -0.0975464, -0.559975, -0.670631, -0.161577, 0.864128, 0.991846, 0.228479	0
0.421819, -0.233791, 0.469848, -0.174196, 0.59004, -1.93803, 0.588642, -0.0385322, 0.171798	0
0.356264, 0.641893, -1.36359, -0.797104, -0.0128291, 0.718474, -0.489037, 1.27739, -0.582947	0
-0.992757, 0.792542, -1.60707, -0.0129427, 0.162363, 0.558409, -0.360334, 0.74306, 0.59502	0
-1.3888, -1.1133, 1.63671, 0.0461188, 0.333096, -0.252912, -0.835984, 1.00472, 0.390404	1
0.274576, 1.12757, 0.817309, -0.964246, -0.646683, -1.0495, -0.152776, 0.291422, -0.0442566	0
-0.660134, -0.755384, -0.63208, -1.15599, 0.47701, 0.787869, 0.959605, -0.257305, 0.969129	1
-0.435798, -0.586875, -0.885406, 0.460809, 0.830058, 2.07124, -2.20588, 0.992134, -0.317489	0
-0.435798, -0.586875, -0.885406, 0.460809, 0.830058, 2.07124, -2.20588, 0.992134, -0.317489	0
-0.435798, -0.586875, -0.885406, 0.460809, 0.830058, 2.07124, -2.20588, 0.992134, -0.317489	0
-0.435798, -0.586875, -0.885406, 0.460809, 0.830058, 2.07124, -2.20588, 0.992134, -0.317489	0
-0.435798, -0.586875, -0.885406, 0.460809, 0.830058, 2.07124, -2.20588, 0.992134, -0.317489	0
-0.435798, -0.586875, -0.885406, 0.460809, 0.830058, 2.07124, -2.20588, 0.992134, -0.317489	0
-1.14331, 1.2217, 0.0173881, -0.647463, 0.105429, -0.634425, -0.348544, 0.828685, 0.444379	0
-1.14331, 1.2217, 0.0173881, -0.647463, 0.105429, -0.634425, -0.348544, 0.828685, 0.444379	0
-1.14331, 1.2217, 0.0173881, -0.647463, 0.105429, -0.634425, -0.348544, 0.828685, 0.444379	0
-1.14331, 1.2217, 0.0173881, -0.647463, 0.105429, -0.634425, -0.348544, 0.828685, 0.444379	0
-1.14331, 1.2217, 0.0173881, -0.647463, 0.105429, -0.634425, -0.348544, 0.828685, 0.444379	0
-1.14331, 1.2217, 0.0173881, -0.647463, 0.105429, -0.634425, -0.348544, 0.828685, 0.444379	0
-1.14331, 1.2217, 0.0173881, -0.647463, 0.105429, -0.634425, -0.348544, 0.828685, 0.444379	0
-1.14331, 1.2217, 0.0173881, -0.647463, 0.105429, -0.634425, -0.348544, 0.828685, 0.444379	0
-1.14331, 1.2217, 0.0173881, -0.647463, 0.105429, -0.634425, -0.348544, 0.828685, 0.444379	0
-0.284966, -0.577765, -1.27008, -0.00504723, -0.351289, 0.11989, 0.727773, 0.563667, 0.788225	0
-0.74687, -0.213358, -0.146371, -0.35385, -0.772101, -0.335179, 0.910408, 0.766883, 0.551141	0
1.47767, -1.61039, -1.32894, 1.40584, 2.25763, 0.234971, -0.434269, -1.29679, -0.542992	0
1.47767, -1.61039, -1.32894, 1.40584, 2.25763, 0.234971, -0.434269, -1.29679, -0.542992	0
1.47767, -1.61039, -1.32894, 1.40584, 2.25763, 0.234971, -0.434269, -1.29679, -0.542992	0
1.47767, -1.61039, -1.32894, 1.40584, 2.25763, 0.234971, -0.434269, -1.29679, -0.542992	0
1.47767, -1.61039, -1.32894, 1.40584, 2.25763, 0.234971, -0.434269, -1.29679, -0.542992	0
1.47767, -1.61039, -1.32894, 1.40584, 2.25763, 0.234971, -0.434269, -1.29679, -0.542992	0
2.01981, -0.995705, -1.37993, 1.49976, 1.06955, -0.188612, -0.14108, -0.888104, -0.978841	0
0.440521, 0.188455, -0.100673, -0.481517, -0.621039, -0.923199, -0.244294, 0.82403, 0.540126	0
-0.0507077, 0.272365, -1.88635, 0.0306502, 1.26616, 0.654444, -1.40846, 0.504402, 0.586794	0
2.03686, -0.437759, 0.803679, -0.246128, 1.03429, -0.604146, -1.17244, -1.62114, 0.0189585	0
-1.69593, -1.04396, -0.289199, 0.622066, 0.376835, -0.156136, 0.71042, 1.04813, 0.362356	0
0.9704, 0.988713, 1.10684, -1.52835, -0.645052, 0.911359, -1.03507, -1.18453, -0.0423204	1
0.755101, 0.42223, -1.86114, 0.327294, 0.284081, 1.28941, -1.4664, -0.573332, 0.638088	0
0.917505, 0.633523, -0.684077, 2.1755, -1.6298, -0.395507, 0.254534, -0.385016, -1.08634	1
0.714496, 0.839617, 0.0499888, 0.269101, -2.25489, 0.18099, -0.279837, -0.298083, 0.249522	0
-0.435947, -0.334115, 0.963838, -0.808578, 0.430687, -1.36095, 0.714841, 0.311481, 0.313601	0
0.18516, 0.347513, 1.7895, -0.367024, 1.17693, -1.07545, -1.75611, -1.83132, -1.58562	0
0.389654, -1.20293, 1.30434, -0.345628, 0.966257, -0.854886, -1.45572, 0.918159, 0.0846041	0
-0.236459, 2.03009, -0.963328, 0.616051, 0.790391, 1.83635, -1.82975, -0.280812, -1.82892	0
-0.236459, 2.03009, -0.963328, 0.616051, 0.790391, 1.83635, -1.82975, -0.280812, -1.82892	0
-0.236459, 2.03009, -0.963328, 0.616051, 0.790391, 1.83635, -1.82975, -0.280812, -1.82892	0
-0.236459, 2.03009, -0.963328, 0.616051, 0.790391, 1.83635, -1.82975, -0.280812, -1.82892	0
-0.236459, 2.03009, -0.963328, 0.616051, 0.790391, 1.83635, -1.82975, -0.280812, -1.82892	0
-0.236459, 2.03009, -0.963328, 0.616051, 0.790391, 1.83635, -1.82975, -0.280812, -1.82892	0
0.568969, -0.318369, -0.638298, -1.03523, -0.277955, 0.000241059, -0.119688, 0.59972, 0.801822	0
0.185413, 0.526467, 0.484391, -0.563697, -1.44329, -0.605214, 0.444012, -0.0342876, 0.534506	0
0.460346, -0.4759, 0.133457, -0.193087, -0.354643, -1.34122, 0.819475, 0.588592, 0.0603112	0
-0.350813, -1.27673, -0.461525, -0.268381, 0.729939, -0.540799, 0.323289, 1.23486, 0.434851	0
-0.66444, -1.42398, -0.253675, -0.174729, -0.684866, 0.693899, 0.824081, 0.711439, 0.589477	0
0.200757, -0.511528, -2.06482, 1.36395, 1.0207, -0.588968, 0.743708, 0.0673081, -0.146708	0
0.327759, 0.81454, -2.26849, 0.0786093, -0.0965574, 1.13094, 0.398689, -0.360995, -0.18523	0
0.127887, -0.371848, -2.50413, 1.45401, 0.553883, 0.566599, 0.439675, -0.0485195, -0.194508	0
-1.32322, -1.65214, -1.02614, 1.34399, 0.869473, 0.188917, 0.892733, 0.382004, 0.364477	0
0.683255, 1.07548, 0.60727, -1.43453, -1.53427, -1.89666, -2.37383, -0.47039, -1.60384	0
1.0492, 0.599757, 1.53522, -0.272387, 1.38475, 0.685192, -0.985796, -0.857404, -3.06348	0
0.300478, -0.640094, 2.27565, 1.68127, 1.04189, 0.897561, -0.693095, -2.41217, -2.29537	0
-0.447709, -0.736413, 3.1597, -0.22052, -0.206913, 0.283866, -0.154349, -0.706212, -1.20671	0
-0.887701, -0.552872, -0.533117, -0.273322, 0.0682355, -0.411919, 0.853761, 0.85576, 0.665302	0
-1.12987, -0.0611527, -0.905824, -0.082435, -0.329814, 0.454522, -0.0451229, 0.791851, 1.04972	1
0.299154, 2.19282, 1.10273, -0.20032, 0.470023, 0.85126, -2.35323, -1.13085, -1.27102	0
0.474806, -0.787632, 0.494502, -0.564183, -0.52501, -0.72929, 1.13497, 0.832043, -0.682203	0
0.524505, -0.911526, -0.0987621, -0.502459, 0.183227, -1.0592, 1.12294, 0.142465, 0.321961	0
0.183885, 0.24964, -0.617488, 0.172689, -0.699706, -1.11499, 0.82639, 0.337765, 0.380253	0
-1.62358, -1.49428, -0.729407, 0.566027, 1.37696, 0.373312, 1.0063, -0.126969, 0.707178	0
-1.37625, -0.730951, -1.90537, 1.02843, 1.33757, 0.848466, 0.176955, 0.535222, 0.211173	0
-0.865987, -0.48068, 0.575881, -0.983182, -0.932508, 0.487032, 0.729105, 0.869445, 0.172155	0
0.412459, -0.145928, -0.471266, 0.316311, -1.56691, -0.412778, 0.632399, 0.361513, 0.430324	0
-0.774893, -0.900032, -1.52674, 1.67212, 0.193748, 0.0794503, -0.21192, 0.881271, 0.540239	0
0.431338, -0.291385, 0.673062, 0.572062, 0.2708, -2.10049, 0.0414904, -0.053439, 0.316676	0
-0.546754, 0.186904, -0.387135, -0.768032, -1.1294, 0.498393, 1.03683, 0.0703712, 0.615817	0
-1.14368, 0.300677, -0.721288, -0.612744, -0.441673, 0.647743, 0.131646, 0.646833, 0.894054	0
0.832014, 0.94106, 0.377669, -0.965259, 0.645381, -1.58435, 0.302087, -0.256687, -0.439731	0
0.726116, 0.524109, -0.640241, -1.64555, -0.0128165, 0.742704, -0.625178, 0.823023, -0.262881	0
0.95986, 1.4023, 1.48762, 0.948307, 0.925019, 0.355466, -2.12025, -1.87334, -1.97629	0
-1.7456, 0.0810576, 1.15676, -1.37023, 2.00018, 1.79512, -1.06899, -0.642016, -0.165767	0
-0.187563, 0.306545, 0.648959, -2.05287, 1.37404, 0.0425495, -0.288793, -0.860679, 0.82465	0
0.0439819, -0.140357, 1.14834, -1.6376, -1.10186, 1.37544, 0.0477071, -0.587854, 0.295343	0
0.995432, 1.53661, -0.290059, 0.357338, -1.05808, 1.93762, -1.17464, -1.76032, -0.827431	1
-0.472544, -0.511247, -0.398955, -0.865153, -0.862204, 0.745719, 0.67814, 0.580668, 0.663234	0
0.826997, 0.706977, 1.60982, -1.03763, 0.371543, -0.668057, -1.03991, -1.43511, 0.395129	0
1.12151, 1.11523, 1.27202, 0.823496, -0.439594, -0.243923, 0.349976, -2.52402, -1.57703	0
0.909819, -2.18547, -0.260013, -2.19785, -1.04444, -1.35217, -0.368934, -0.0679414, -0.303135	0
-1.20578, 0.477446, -0.137922, 0.995398, -0.376477, -0.941568, -0.179728, -0.0202548, 1.25592	0
-0.932082, -1.17763, -1.64341, 0.980758, 0.902247, 1.73149, -0.685008, 0.952232, -0.128637	0
-1.47115, -0.198684, 1.05756, -1.29806, 1.06105, -0.302637, 0.0984187, 0.257499, 0.664678	1
-0.71679, -0.604404, -0.777183, -1.16697, 0.722054, 0.361322, 0.966417, 0.387315, 0.621923	0
0.323124, -0.24079, 0.299696, -2.1666, 0.610975, 0.138525, 0.813643, -0.184594, 0.0787145	0
-0.486424, -0.369343, 0.237558, 3.53683, -0.505056, 1.51089, -1.68231, -0.71224, -1.44587	0
-1.47785, -0.715754, -1.50369, 2.55752, 0.396439, 1.89088, -0.324545, -0.108857, -0.566155	0
-1.80097, 0.00224911, -1.19587, 0.0193764, 0.900088, 2.24607, -0.346953, -0.307687, 0.475399	0
-1.19589, -0.794195, -0.789191, 0.081205, -0.0926529, 0.856841, -0.156938, 1.42799, 0.438822	0
1.23603, 1.03559, -0.070091, -1.43889, 0.114632, -0.628545, 0.440168, -0.460367, -0.514415	1
-0.820689, -0.605291, -0.0524615, -1.0076, -0.154911, 0.0985413, 0.993248, 0.733384, 0.494708	1
0.359546, 1.71186, -0.500148, -0.668728, -1.4615, 0.541825, -0.211244, -0.0238653, -0.165068	0
0.798043, -2.17758, 1.50585, 1.51334, 1.68224, 0.764735, -2.1923, -2.00843, -1.76391	0
-1.26857, -1.35996, -0.979705, -1.93854, -1.76511, 1.64907, 0.447181, 0.429664, -0.457493	1
0.458595, -2.02007, -0.512198, 0.55221, 0.448998, -0.614005, 0.844084, 0.424798, 0.225024	0
0.176759, 0.487712, -1.48625, -0.0428511, 0.0962059, -0.727242, 0.432289, 0.566892, 0.32628	0
0.910115, 0.0684042, -2.40511, 1.57284, 1.5683, 0.544724, -0.0496774, -0.568944, -1.41715	0
0.0733255, -1.29964, -0.682833, -0.943064, 0.275054, 1.41753, 0.477496, -0.703156, 1.03394	0
0.521031, -0.111453, 0.0768404, 0.779524, 0.543883, -2.16181, 0.578108, -0.256045, -0.0155517	0
-0.290957, -0.672678, 2.09539, 1.40072, 1.22866, -1.46913, 0.522866, -1.84746, -0.811437	0
0.577008, 0.0206184, -0.381906, -0.417697, -0.775653, -0.841662, 0.540501, 0.427642, 0.460815	0
1.15061, 1.74743, 0.900321, 0.0606878, -1.01684, -0.101982, -1.45673, -0.145868, -1.42243	0
-2.34554, -1.35904, -0.536866, 1.28793, 1.21028, 1.2296, 0.310225, 0.327505, 0.0206218	0
-0.994181, -0.994308, -1.01974, -0.627375, 0.353877, 1.49931, 0.62781, 0.239791, 0.681765	0
-1.90085, -0.125062, -1.30756, 0.574299, 1.16392, 0.453242, 0.313296, -0.00118469, 0.916313	0
0.44049, -0.322013, -1.18071, -1.39354, 2.25867, 0.217996, -0.461744, 0.226829, 0.184152	1
0.931787, 0.940233, 0.394989, 1.08025, 1.09953, -1.93988, -0.99887, -1.34799, -0.0764188	0
0.0580072, -0.401123, 0.0995421, -1.09009, -0.164665, -0.4387, -0.0700665, 1.07257, 0.554492	0
0.90559, 0.036989, 1.46506, 0.474406, -0.794958, -0.183871, -0.832234, -2.19605, 0.769617	0
0.688999, -1.21703, 1.59906, 1.43328, 1.46646, -1.50332, 0.320111, -0.812617, -1.81733	0
-1.30803, -0.22322, 0.26456, -0.932115, -0.77252, 2.35422, 0.527731, -0.0804597, -0.189019	1
-0.704516, -0.741677, -0.186678, -1.03065, -0.366667, 1.54982, -0.196148, 0.186506, 1.0725	1
-0.79875, -1.06142, -0.294802, 1.18635, -0.633426, -0.566279, 1.42071, 0.514228, 0.0535252	0
-0.597766, -1.25914, -1.42598, 0.899916, 0.843407, 0.486247, 0.608493, 1.44554, -0.976257	0
0.685607, 1.46328, 1.73488, 0.481393, -0.27173, -0.795487, -1.10244, -2.03882, -0.306506	0
0.370987, 0.591333, 0.910028, 0.543759, -0.0968044, -2.08295, 0.638805, -0.252609, -0.721762	0
1.07175, 1.51122, 1.46899, -0.191771, 0.59111, -0.887363, -1.13456, -0.474112, -1.98938	0
-0.55289, 0.772825, 0.477481, -1.46259, -1.57669, -0.747785, 0.588143, 0.232493, -0.226962	0
1.07175, 0.181572, -1.07141, 0.202318, -1.34717, -2.00296, 0.258274, 0.327972, -0.605419	0
-0.294002, 1.23514, -0.194001, -0.0476673, -0.913556, -0.636297, -0.288595, -0.270662, 1.09619	0
-0.956155, -0.954482, -1.95546, -1.83176, -1.2986, -1.50226, 0.317296, -1.57947, 0.712325	0
-0.819023, -0.660363, -0.400341, 0.625867, -0.664541, -0.57017, 1.20055, 0.543064, 0.506518	0
1.78496, -0.347561, -0.0964693, -0.863893, -0.645801, 0.46133, -0.544117, 0.685818, -0.894416	0
0.534653, -1.39517, 0.876867, -0.140395, 0.486825, -1.24689, 0.945787, -0.75572, 0.466878	0
-2.54026, 0.360936, -0.255935, 0.445744, 0.864457, 1.97953, -0.970173, 0.0562279, 0.136062	0
0.293879, -0.375976, -0.253233, 0.34728, -1.79668, -0.138866, 0.598346, 0.655236, 0.191662	0
0.875237, 0.675822, 0.783843, -0.645429, -0.597373, -1.35717, -0.093042, 0.0321368, -0.0289085	1
-0.873598, -0.737708, -1.11105, 1.59297, -0.721291, -0.0280823, 0.605179, 0.592919, 0.512628	0
-0.916805, -0.683122, -2.06683, 1.76662, 1.20038, 0.845428, 0.565062, -0.969306, 0.422148	0
0.59102, 1.62568, 1.52597, -0.79927, -0.868601, -0.633716, -0.435605, -0.663191, -0.675662	0
0.0491665, -2.14955, -0.219471, 2.02928, 0.810378, 1.5785, -2.12946, -2.26198, -1.95798	0
0.971386, 0.282736, -0.173781, -0.00851925, -0.178917, -0.52988, -1.80244, 1.04823, 0.0957542	0
1.45933, -1.47591, 1.26114, 0.459402, 0.144967, -0.0291967, -1.80485, -1.9295, -1.90522	0
-2.56037, 0.69258, 1.38365, 0.356207, 1.79446, 1.11311, -1.3106, 0.0916715, -1.28045	0
1.56713, 1.45466, -0.42961, -0.0733465, -1.30587, 0.206642, 0.00855141, -1.02535, -0.770847	0
0.878924, 0.980055, 0.319382, 0.336567, -2.09995, -0.352151, 0.154573, -0.588223, -0.102336	0
0.184333, -1.44059, 1.33362, 0.722216, 0.0973713, -1.56669, -0.0298188, 0.374742, 0.122563	0
0.462021, 0.796683, 2.51534, 0.749076, -0.741429, 0.364133, -1.80036, -0.845628, -1.69455	0
-0.910764, -1.93695, 0.540979, -1.68258, -1.40937, -1.41987, 0.221784, 0.811986, -0.882752	0
-0.750326, 1.21282, 1.76691, -0.999467, 0.289363, 0.110128, -1.86717, 0.321912, -0.269765	0
-1.58082, -0.560867, -1.69271, 0.314838, 1.38108, 1.53446, 0.320519, -0.0634784, 0.42165	0
-1.58082, -0.560867, -1.69271, 0.314838, 1.38108, 1.53446, 0.320519, -0.0634784, 0.42165	0
-1.58082, -0.560867, -1.69271, 0.314838, 1.38108, 1.53446, 0.320519, -0.0634784, 0.42165	0
-1.58082, -0.560867, -1.69271, 0.314838, 1.38108, 1.53446, 0.320519, -0.0634784, 0.42165	0
-1.58082, -0.560867, -1.69271, 0.314838, 1.38108, 1.53446, 0.320519, -0.0634784, 0.42165	0
-1.58082, -0.560867, -1.69271, 0.314838, 1.38108, 1.53446, 0.320519, -0.0634784, 0.42165	0
-1.58082, -0.560867, -1.69271, 0.314838, 1.38108, 1.53446, 0.320519, -0.0634784, 0.42165	0
-1.58082, -0.560867, -1.69271, 0.314838, 1.38108, 1.53446, 0.320519, -0.0634784, 0.42165	0
-1.58082, -0.560867, -1.69271, 0.314838, 1.38108, 1.53446, 0.320519, -0.0634784, 0.42165	0
-0.688169, -2.20034, -0.287385, 0.266614, -0.0866152, 0.9728, 0.798696, 0.536279, 0.40817	0
1.16628, 0.409185, 1.33474, -1.49625, -0.759119, 0.125539, -0.577182, -0.741233, 0.0328276	0
-0.971078, 0.115, -0.36055, -0.589585, -0.0516894, -0.290424, 0.0977971, 0.720398, 1.07306	0
1.02914, -0.852819, -0.532273, 1.65081, -0.0456308, -1.53451, 0.158981, 0.0491635, -0.0471847	0
1.31306, 0.552403, 0.877175, -0.0203966, -0.709588, -1.34977, -0.737828, 0.226009, -0.484453	0
0.189901, 0.775933, -1.48454, 2.55536, 0.272259, -1.10958, -0.031192, -0.712865, -0.309571	1
-0.159465, -0.063119, -0.559137, -0.467369, -0.212893, -0.669631, 1.59557, 0.50039, -0.198352	0
-1.09606, -0.826004, -1.83328, 0.63725, 0.790517, 0.819679, 0.897272, 0.209154, 0.393843	0
0.597176, 1.77203, -0.406983, 0.0107439, 1.30638, 1.42386, -2.41397, -1.63744, -0.598219	0
-1.23865, 0.352789, 2.42339, -0.493242, -0.382835, 0.206926, -1.0578, -0.503901, 0.416831	0
-0.083611, 0.660019, -1.85544, -1.23657, -1.35989, -1.83353, -0.140038, 0.304149, -0.935935	0
1.57855, 0.00186631, 1.37411, 0.290916, -1.27006, -0.376756, 0.556264, -0.979266, -1.54206	0
0.867726, 0.301712, 0.314694, 2.64138, 0.623928, 1.24409, -1.32722, -1.68601, -2.76531	0
-0.0308154, 0.0433691, 0.0551436, 0.415716, 0.250483, -1.32556, -1.22668, 1.14247, 0.516626	0
-0.686622, -0.356254, 1.04925, -1.1338, -0.519194, -0.225213, 0.203345, 0.730219, 0.536886	0
-0.826913, -0.875605, -0.479906, 0.53043, -0.430922, 0.172246, -0.478482, 0.76896, 1.33018	0
-0.432116, -0.647149, 3.21902, 0.376484, -0.0597479, 0.0675198, -1.25485, -0.627651, -0.827373	0
-1.33561, -1.38522, -0.716732, -0.081246, 0.569707, 0.766787, 0.676237, 0.868163, 0.493522	1
0.848462, 0.303268, 1.11704, 0.178121, 1.21202, 0.678227, -2.03274, -2.70876, 0.345176	0
1.26267, 0.643283, 0.333951, 1.3322, 1.73556, 1.02032, -2.0935, -2.56608, -1.46474	0
1.769, 0.662752, 0.0582451, 1.06428, 0.375712, 0.70856, -0.170843, -2.86307, -1.61546	0
0.987408, 2.00213, 1.00516, -0.551274, -0.288035, -0.779452, -0.374069, -0.942108, -1.24864	0
0.619504, 2.27253, 0.108169, 1.48676, 0.646305, -0.502145, -0.705353, -1.33575, -2.36532	0
1.16815, -0.791929, -1.00691, 0.494273, -1.23372, 0.52963, -0.325248, 0.0880227, 0.609819	0
0.813729, -0.068385, 2.11761, 0.0887812, -1.54882, -0.308925, 0.423183, -1.06026, -0.887155	0
0.644345, -1.59323, -0.371703, 1.16948, 1.10696, -1.09472, 0.605271, 0.890272, -1.31672	0
2.01557, 0.600163, 0.30265, -1.05464, -0.577329, 0.991039, -0.941225, -0.81259, -0.953633	0
0.616884, 0.166897, -1.34028, 0.342214, -1.16343, 0.83743, 0.798303, -1.1772, 0.550837	0
-1.34654, -0.0141235, 1.59352, -0.97055, 0.0309027, -0.22399, -0.430911, 0.553857, 0.542239	1
-0.463299, -1.22411, -1.80644, 0.716238, 0.953221, 0.227742, 0.813329, 0.348431, 0.411597	0
-0.463299, -1.22411, -1.80644, 0.716238, 0.953221, 0.227742, 0.813329, 0.348431, 0.411597	0
-0.463299, -1.22411, -1.80644, 0.716238, 0.953221, 0.227742, 0.813329, 0.348431, 0.411597	0
-0.463299, -1.22411, -1.80644, 0.716238, 0.953221, 0.227742, 0.813329, 0.348431, 0.411597	0
-0.463299, -1.22411, -1.80644, 0.716238, 0.953221, 0.227742, 0.813329, 0.348431, 0.411597	0
-0.463299, -1.22411, -1.80644, 0.716238, 0.953221, 0.227742, 0.813329, 0.348431, 0.411597	0
-0.463299, -1.22411, -1.80644, 0.716238, 0.953221, 0.227742, 0.813329, 0.348431, 0.411597	0
-0.463299, -1.22411, -1.80644, 0.716238, 0.953221, 0.227742, 0.813329, 0.348431, 0.411597	0
-0.463299, -1.22411, -1.80644, 0.716238, 0.953221, 0.227742, 0.813329, 0.348431, 0.411597	0
-0.463299, -1.22411, -1.80644, 0.716238, 0.953221, 0.227742, 0.813329, 0.348431, 0.411597	0
-0.463299, -1.22411, -1.80644, 0.716238, 0.953221, 0.227742, 0.813329, 0.348431, 0.411597	0
-0.463299, -1.22411, -1.80644, 0.716238, 0.953221, 0.227742, 0.813329, 0.348431, 0.411597	0
-0.463299, -1.22411, -1.80644, 0.716238, 0.953221, 0.227742, 0.813329, 0.348431, 0.411597	0
1.39884, 1.57318, 0.12292, -0.99864, 0.580626, -0.875376, -0.790911, -0.617733, -0.562245	0
0.280857, 0.183279, 1.3078, -1.23565, 0.736831, 0.778408, -1.37618, -1.89509, 0.952297	0
-0.554422, -0.823453, -0.781479, -0.283533, -0.241826, 0.0773895, 0.726095, 0.988249, 0.596916	0
0.794978, 0.663147, 0.911926, 2.03298, 0.792028, 1.29169, -2.33184, -1.73641, -2.25422	0
0.794978, 0.663147, 0.911926, 2.03298, 0.792028, 1.29169, -2.33184, -1.73641, -2.25422	0
0.794978, 0.663147, 0.911926, 2.03298, 0.792028, 1.29169, -2.33184, -1.73641, -2.25422	0
0.794978, 0.663147, 0.911926, 2.03298, 0.792028, 1.29169, -2.33184, -1.73641, -2.25422	0
0.794978, 0.663147, 0.911926, 2.03298, 0.792028, 1.29169, -2.33184, -1.73641, -2.25422	0
0.794978, 0.663147, 0.911926, 2.03298, 0.792028, 1.29169, -2.33184, -1.73641, -2.25422	0
0.245055, 0.576344, 2.54082, -1.01917, -0.178351, 0.916084, -1.62936, -0.838396, -0.921369	1
0.0841798, 0.65643, -0.100075, -1.90101, -2.21031, -1.78384, -1.36996, 0.928413, -2.23745	0
0.0645612, 0.308504, -0.923593, -1.40087, 0.352718, 0.516901, 1.51867, 0.209976, -0.851104	0
-0.694624, -0.829964, -0.19362, 0.0124572, -0.563321, -0.354335, 0.77185, 0.59435, 0.93462	0
-1.14678, -1.26762, 0.578884, -0.0788918, -0.274599, -0.226942, 0.792319, 0.939283, 0.411495	0
1.12156, -0.356284, 0.147021, 2.85286, -0.271744, -0.0740413, -1.20265, -2.21397, -0.0487964	0
0.546347, 1.24924, 1.62729, -0.6998, -0.754578, -0.129572, -0.506992, -1.85399, 0.166757	0
0.698278, 0.84384, 1.05253, 0.749855, 2.36287, 0.301493, -2.20302, -0.889316, -2.59937	0
1.48718, 0.965928, 0.216804, -0.555944, 0.398106, -1.09133, -1.28336, -0.470922, 0.106969	0
-1.38634, -0.0573409, 0.649385, -0.195375, -0.740564, 0.870582, -0.252922, -0.775617, 1.54354	0
-1.38634, -0.0573409, 0.649385, -0.195375, -0.740564, 0.870582, -0.252922, -0.775617, 1.54354	0
-1.38634, -0.0573409, 0.649385, -0.195375, -0.740564, 0.870582, -0.252922, -0.775617, 1.54354	0
-1.38634, -0.0573409, 0.649385, -0.195375, -0.740564, 0.870582, -0.252922, -0.775617, 1.54354	0
-1.38634, -0.0573409, 0.649385, -0.195375, -0.740564, 0.870582, -0.252922, -0.775617, 1.54354	0
-1.38634, -0.0573409, 0.649385, -0.195375, -0.740564, 0.870582, -0.252922, -0.775617, 1.54354	0
1.38354, 1.39575, 1.13501, -0.272393, -0.0144346, 0.244626, -2.11313, -1.52097, -2.04218	0
0.489648, -1.50242, 0.158781, 1.09725, 1.18788, -1.63891, -0.450478, 0.68071, -0.0335371	0
-0.771384, 0.70841, 0.363796, -0.758188, -1.62141, 0.554577, 0.331915, 0.36893, 0.354459	0
0.317965, -0.539998, -2.47365, 1.90365, 1.24113, 0.491942, 0.408081, -0.436213, -0.73337	0
1.24403, 1.09504, 1.23366, 1.27008, 0.122545, 0.123169, -2.44211, -1.87083, -0.839186	0
-0.460699, 0.774719, 0.265051, -1.35053, -0.885862, 0.0761709, 0.845882, -0.0221787, 0.35094	0
0.0335065, -0.99003, -0.378254, -0.66739, 0.54929, -0.5161, 1.39533, 0.913189, -0.524395	0
0.606145, -0.905557, 1.00695, -1.54692, -1.4673, -1.76509, -2.11476, -1.90809, -0.0803477	0
0.973746, -0.197309, -0.334737, 0.725382, -0.560659, -1.40517, 1.16133, -0.135297, -0.450266	0
0.000328283, 0.173131, 0.562366, -0.715619, -0.401415, 0.0627835, -0.500784, 1.86418, -1.33473	0
0.000328283, 0.173131, 0.562366, -0.715619, -0.401415, 0.0627835, -0.500784, 1.86418, -1.33473	0
0.000328283, 0.173131, 0.562366, -0.715619, -0.401415, 0.0627835, -0.500784, 1.86418, -1.33473	0
0.000328283, 0.173131, 0.562366, -0.715619, -0.401415, 0.0627835, -0.500784, 1.86418, -1.33473	0
0.000328283, 0.173131, 0.562366, -0.715619, -0.401415, 0.0627835, -0.500784, 1.86418, -1.33473	0
0.000328283, 0.173131, 0.562366, -0.715619, -0.401415, 0.0627835, -0.500784, 1.86418, -1.33473	0
1.42271, -0.948068, 0.122699, -1.80165, -1.65718, -1.20844, -2.04788, -0.302427, -0.503903	0
-0.933972, 0.222472, -0.740717, 0.1504, 0.826975, 1.32995, 0.75548, -2.49951, 0.873457	0
-1.27436, -0.441936, -0.764838, 0.124073, -0.314418, 0.699942, -0.0151611, 0.401046, 1.32609	0
0.0248741, -1.19977, -0.800759, 0.226707, -0.218298, -0.391467, 0.90609, 0.338194, 0.825697	0
-0.818346, -0.222277, -1.70165, -0.00978299, -0.331402, 0.815156, -1.71128, 0.713289, 0.949785	0
-0.0484606, -0.630091, 1.77925, -0.588478, -0.0344975, -0.340069, 0.668549, -1.82746, 0.717825	0
-0.463031, 1.68836, -1.27361, -0.374966, 1.8299, -0.3344, -1.12607, 0.394582, -0.190719	0
0.16649, -1.28114, -1.34693, 0.0713018, 0.328237, 0.337142, 0.159955, 0.160239, 1.14867	0
-0.141073, 0.820286, 0.304233, 1.05867, -2.13706, 0.291305, -1.24227, 0.154137, 0.46362	0
-0.969049, 0.206381, 0.681357, 0.127978, 0.159301, 0.715257, -2.37261, 1.43132, -0.139977	0
0.949006, 2.30368, -0.206291, 0.309383, 1.03714, -0.267744, -1.27661, -0.568307, -2.14335	0
-1.11341, -0.118031, 0.404996, 0.333101, -1.11761, 0.456708, -1.07757, 0.880559, 0.984682	0
1.20862, -1.56136, -1.83776, 1.30655, 1.94896, 0.651591, -0.668143, -0.543241, -0.399984	0
0.662055, -0.903275, -1.75938, 0.233829, 0.654878, -0.147503, 0.307111, 0.820777, -0.0107692	0
-0.909698, -1.47038, -0.703949, -1.139, -1.56219, -1.55978, 0.961531, 0.135459, -0.152231	0
-0.215618, -1.42326, -1.81055, -1.61043, -1.40144, -1.92151, -0.49669, -1.28878, 0.883592	0
1.48238, 1.6162, 0.555842, -0.100695, 0.335928, 0.780727, -0.695377, -1.4618, -2.56076	0
-0.632793, -0.187425, -1.17755, -0.771976, -0.106262, 0.650535, 0.996732, 0.639853, 0.319984	0
-2.20115, -0.783105, -0.693623, 0.187255, 1.6782, 1.47809, -0.286724, 0.154589, 0.569969	1
0.194211, 0.903229, 1.41893, -0.798091, -1.67356, -0.217867, 0.00595754, 0.0319255, -0.353932	0
0.688608, 1.16743, 0.774181, -0.586988, -1.77765, -0.270545, 0.134024, -0.0955754, -0.514963	0
0.1836, 1.26754, 2.19062, 0.638174, 0.396104, 0.757964, -1.47104, -2.62377, -1.33014	0
-0.0627926, -1.11331, 0.591875, 1.11308, 0.915646, -1.82089, 0.111294, 0.989199, -0.697088	0
0.0960226, -1.10125, -1.51707, 0.554819, 0.913999, -0.032234, -0.655333, 0.913876, 0.72221	0
1.33987, 0.714045, 0.970414, 0.163107, -0.845556, -1.19429, 0.460771, -0.429373, -1.44647	0
1.0373, -0.0557229, -1.55216, 0.977965, 0.807294, -0.623184, -0.742153, 1.11612, -0.966182	0
-1.45867, -1.88472, -0.647729, -1.49902, -1.98988, -2.11709, -0.0147664, 0.783657, -0.608924	0
-0.944525, -0.642202, -0.554375, -0.674794, 0.462845, -0.14355, 0.89909, 0.710006, 0.692002	0
0.176142, -0.362337, 1.02929, 0.149182, 0.912928, 1.49966, -1.31432, 0.919009, -2.99939	1
-0.0965217, -1.39975, -0.614165, -0.414852, 0.912094, -0.0267396, 1.92777, 0.226565, -0.618599	0
-0.0172156, 0.0420515, -0.602086, -0.549635, -0.16591, -0.824665, 0.694115, 0.960937, 0.193585	0
-1.53094, -1.358, -1.30538, 0.336109, 1.97086, 1.1882, 0.277762, 0.273802, 0.276597	0
-1.97963, -1.55421, 0.0606841, 1.16579, 0.549637, 0.525499, 0.67189, 1.13259, -0.542435	0
0.0830948, -1.82836, -0.24482, 0.858267, 0.886164, -1.12043, 0.159893, 0.82075, 0.301207	0
-1.005, 1.11684, 0.604133, 0.731495, 0.939233, 2.67505, -2.2817, -1.45399, -1.20834	1
0.691529, -0.665505, -2.04454, 0.606239, -0.183346, 0.558594, 0.57445, 0.378711, -0.133415	0
0.675667, 2.12352, -0.534948, -0.426216, 0.736052, -0.56138, -0.705443, -1.53143, 0.172189	0
0.615518, -0.915043, -2.23243, 0.684687, 1.27347, 0.179881, 0.35953, 0.294702, -0.248196	0
-0.379799, -1.57055, -0.670449, 1.18766, 0.359014, -0.733777, 1.45863, 0.279245, 0.00646575	0
-2.17939, -0.203034, 0.582138, 1.16717, 0.190621, 1.24267, -1.70952, 1.0361, -0.138493	0
-1.93682, -1.10571, -1.07881, -2.03359, -1.83941, -1.75057, 0.0300112, -0.239142, 0.440876	0
-1.23176, 1.13223, 1.03089, -1.31827, 0.519936, 1.85353, -1.44434, 0.352439, -1.0263	0
1.31712, 0.703194, -0.427752, -0.357211, -0.215893, -0.747914, -0.673895, 0.991372, -0.856246	0
-0.207977, -0.988799, -1.50262, -1.95113, -1.80573, -1.80544, 0.77394, -0.0541042, -0.164864	0
0.543329, 1.24024, 0.769795, 1.3762, 1.2287, 1.47241, -2.28732, -2.1973, -1.94479	0
-0.0944452, -0.372764, 0.651805, -0.657284, -1.12793, -0.438368, 0.813091, 0.0446206, 0.713362	0
1.03812, 0.594139, 1.1743, 0.708702, -0.619213, -0.517704, -0.0450879, 0.233469, -2.70617	0
-0.818937, 1.43581, -0.60418, 0.289272, -0.193968, 0.0171586, -1.59739, 0.579776, 0.741376	0
0.953616, 1.15771, 1.03873, -0.251452, -1.01926, -1.22847, -0.199994, -0.38015, -0.418221	0
1.65129, 1.23987, 0.0950804, -0.570906, 0.12255, -0.044194, -1.92351, 0.019517, -0.835458	0
-0.880259, 1.76348, -1.06942, 0.600633, 2.01948, 1.79169, -1.43754, -1.87886, -0.603083	1
-1.38903, 0.928062, 1.31299, 0.695787, 0.971508, 1.78161, -0.547544, -3.05292, -0.557873	0
-1.82513, -1.41648, -0.423573, -1.51457, -2.40746, -1.98835, -0.885296, 0.417172, 0.321634	0
-1.60365, -1.77841, -0.294035, 1.89595, 1.78185, 1.30988, -2.39315, -1.64579, -0.091103	0
-1.52574, -0.437893, -0.0719599, -0.835424, 0.0925013, 0.457496, 0.972527, 0.553158, 0.565269	0
-1.50462, 0.734264, 0.979424, -0.244269, -0.0511089, -0.104987, -1.41898, 0.82268, 0.604212	0
0.131305, 0.445762, -1.04884, 0.18514, -1.07494, -0.422656, 0.538897, 0.718059, 0.198723	0
1.6176, 0.923374, -1.02447, 0.073387, -0.433079, -0.561488, -0.697233, 0.026528, -0.206665	0
-1.42819, 1.87689, -1.5313, 1.13431, 1.84946, 1.36248, -0.420124, -1.21515, -1.22395	0
1.24208, -1.08163, 0.596273, -2.05589, -1.21001, -1.35601, 0.625695, -1.97488, -1.56539	0
-1.22705, -0.942333, 0.00692258, -0.624332, -0.0867901, 0.420331, 1.27747, 0.19765, 0.702638	0
0.302967, -0.821431, -1.35507, 0.172768, 0.185248, -0.459422, 1.18375, 0.50803, 0.095299	0
1.52405, -0.398687, -0.543955, -0.141059, 0.352827, -1.07743, 0.840618, 0.245372, -0.986956	0
0.460779, 0.314147, -0.00344541, -0.545773, -0.896679, -0.917643, 0.235136, 0.425898, 0.517687	0
0.112985, 0.833411, 1.14845, 1.35687, 1.68657, -2.15219, -0.514754, -1.31383, -0.885622	0
-0.886681, -1.46203, -0.754463, -2.04362, -1.6545, -1.85439, 0.643311, -0.0266696, 0.322958	0
-1.61521, 0.724628, -0.347628, 1.70524, 2.5491, 1.14659, -2.43168, -0.323548, -0.946005	0
0.0580959, 0.955506, 0.859698, -0.587327, -1.53179, -0.486815, 0.541233, -0.586043, 0.32844	1
0.624767, -0.0766713, 0.642059, 0.0450325, -1.14175, -1.10652, 1.0658, 0.383174, -0.789025	0
0.944687, 0.134165, -1.29177, -1.81882, -1.20439, -1.63285, -1.50078, -0.692214, 0.214745	0
-0.855344, -0.785889, -0.348318, 1.50763, 2.79131, -0.538786, 1.27873, -1.99156, -0.617504	0
-2.33639, 0.509408, 0.964189, 1.24445, 1.32185, 1.161, -1.88032, -1.22335, 0.440168	0
-0.0325147, 1.71138, 0.656779, -1.53803, 0.0427797, -0.624161, 0.402505, -0.145329, -0.686832	0
-1.06178, -1.2132, -0.540399, 0.39161, -0.250395, 0.204226, 1.02174, 0.220004, 0.989776	0
0.603547, -0.845514, -0.52685, -0.691563, 0.0189944, -0.582963, 1.06945, 0.263692, 0.3662	0
1.84569, 0.820934, 0.129726, -0.379803, -0.496752, 0.836197, 0.429567, -1.85618, -1.6055	0
0.863526, 1.38155, 0.0617644, -1.87436, -1.89582, -1.08175, -0.445923, -2.37965, -1.51215	0
-0.396966, -0.179167, -0.198849, -0.809514, -0.642326, 0.0269847, 5.71039e-05, 1.12939, 0.669229	0
-2.1164, 1.87984, 0.997856, 0.76486, -0.616202, 0.154562, -0.696851, 0.0824706, -0.480022	1
0.483663, -0.374146, 0.0968802, 0.883997, 1.87346, 1.45708, -2.0714, -2.67707, 0.416141	0
1.02191, -0.442571, 0.0317775, -0.00544539, -0.402673, -1.39046, 0.676514, 0.415104, -0.209832	0
1.38784, -0.102251, 0.894364, 2.27053, 1.39492, 0.00528669, -2.09699, -1.97264, -1.58038	1
-2.72515, -0.0532748, -0.300686, 0.266032, 0.941264, 1.43119, 0.445119, 0.129524, -0.0404899	0
-1.27133, 0.338821, -0.379141, 1.95983, 2.12301, 2.24002, -1.04966, -2.44605, -1.09502	0
-0.666117, -0.2745, -0.615345, 0.839596, -1.19534, -0.307234, 1.00856, 0.896312, 0.0390615	0
-0.249423, -0.231531, -0.62324, 0.478769, 1.268, -1.24074, 0.72388, -1.23429, 1.13498	0
-0.245226, -0.378217, -0.124813, 0.030179, 0.304628, -1.20461, -0.126142, 0.188086, 1.34792	0
-0.434979, 1.58671, 1.01013, 1.6241, 1.51856, -1.70588, -1.42986, -1.00059, -0.854978	0
0.483605, -1.08005, -0.326425, 0.434871, -0.167237, -1.01537, 0.467739, 1.25664, -0.295213	0
-0.704827, -1.31275, -0.644147, 0.342215, 0.094016, 0.191345, 1.02292, -0.514381, 1.30696	0
-0.775827, -1.28028, -0.578771, 3.11001, 0.687029, 0.059111, 0.859243, -0.00475069, -1.81296	1
0.253621, -0.253082, 0.289026, -1.06809, -0.238964, -0.891212, 0.716417, 0.467945, 0.360669	0
-0.737551, 1.04164, 0.534734, -0.153155, 0.0268694, -1.44123, 0.59666, 0.853928, -0.801298	0
-0.138434, -0.559411, 0.603053, -0.753774, -0.553706, -0.643647, 1.19334, 0.827489, -0.324539	0
-1.53093, -1.0661, -1.17153, 1.39341, 0.706701, 0.367691, 0.924726, 1.02457, -0.556016	0
0.661491, 1.0362, 1.07701, -1.18522, -0.564647, -0.167488, -0.99696, -0.927044, 0.647749	0
-0.251126, -1.15598, -1.10556, -1.74731, -1.65916, -1.45345, 0.984563, 0.448927, -1.03742	0
0.33256, -0.991802, -1.18269, -0.0599078, 0.128132, 0.801243, 1.46686, 0.757171, -1.42352	0
0.640741, -0.480402, -1.51179, 0.86472, 0.192441, -0.882762, 0.588566, 0.718713, -0.243691	0
0.514107, -0.107975, 0.156211, 0.218094, -1.03453, -1.16424, 0.352422, 0.99152, -0.276682	0
-1.04816, -1.17164, -0.549295, 1.90209, 2.69394, 2.36637, -1.10543, -1.31578, -1.35277	0
1.50574, -1.05985, -0.892617, 0.965893, 0.0656899, -1.00739, 0.485782, -0.149439, -0.110057	0
0.633066, 0.289737, -0.0786925, -0.782714, -0.645416, 0.198875, -1.39758, 0.377263, 0.951017	0
0.637678, -1.21285, -0.740715, -0.512248, -0.530218, 0.32833, 0.790733, 0.74475, 0.0801146	0
-0.668099, -1.65559, -1.12618, 0.455024, 1.05673, -0.000732496, 0.652571, 0.84826, 0.386835	0
-0.888671, -0.688548, 0.249183, -0.911113, -0.183788, -0.0587464, 0.726431, 0.615218, 0.80548	0
0.857077, -0.843896, -0.18745, 0.319381, -0.853558, -0.952225, 0.908828, 0.203869, 0.177718	0
-0.245469, 0.350348, -0.64273, -1.82154, 0.171075, 1.81935, 0.713309, -0.596102, -0.055199	0
-0.395527, -0.0301018, 0.247067, -0.625877, 0.167493, -1.19701, 0.335328, 0.287606, 0.965142	0
2.04075, 0.359398, -0.151566, -0.110882, -0.000927372, -0.948295, -0.934438, -0.0163011, -0.51092	0
-1.74595, 0.828823, 0.697574, -1.14852, -0.462417, 1.43904, 0.254064, -0.488272, 0.347525	0
1.14496, 1.26721, -0.40569, -1.74223, -1.17982, -1.70225, -0.418766, -2.00078, -1.63126	0
0.974657, -0.885154, -0.348671, -0.0872933, -0.546264, -0.675638, 1.17591, 0.519907, -0.467818	0
-0.64744, 2.08151, -1.55415, 0.683412, -0.240802, 0.0792801, 0.67547, -0.368456, -0.696935	0
0.313022, 0.412694, 2.07042, -0.388283, 0.015857, -0.556603, -2.0368, -1.91712, -2.12947	1
-1.08872, -1.09694, -0.793644, 0.312564, -0.0155408, 0.314395, 0.7056, 1.324, 0.158267	0
-1.25696, -1.63272, 0.00827079, 0.471943, -0.214486, 0.264548, 0.689807, 0.928346, 0.510143	0
-1.32537, -0.465577, -0.367402, 1.38953, 0.981293, -1.19905, 1.02448, -0.667235, 0.750264	0
0.373096, 0.127669, -0.260895, -0.978257, -0.979563, -0.136534, 0.378577, 0.847655, 0.169407	0
0.344134, -1.17315, -0.419407, -0.137009, -0.431801, -0.43666, 1.15847, 0.816039, -0.0541988	0
0.377212, -0.522077, -0.0236967, -1.23997, -0.913496, 0.481035, 0.544265, 0.922235, -0.122741	0
-1.42405, -1.48167, -1.41802, 1.02358, 1.37299, 0.95421, 0.189096, 0.372631, 0.492276	0
-1.70914, -1.26502, -1.43328, -0.303919, 0.613382, 0.734985, 0.506514, 0.313667, 0.654202	1
1.60034, 0.320321, 0.718305, -0.187208, -0.350635, -0.330226, -2.11463, -2.18507, -2.03601	0
0.0544753, 0.203993, -0.103041, -0.800819, -1.30411, 2.67115, -0.266976, -0.741647, -0.191855	0
-0.66439, 0.460481, 0.313614, 1.8115, -1.61162, 0.280282, 1.69357, -1.08271, -1.33853	0
-0.832836, -0.305868, -0.640591, -0.621371, 0.224885, -0.0310684, 0.0243609, 1.22221, 0.725022	1
0.384742, -0.031156, -0.883978, 0.568024, 0.357712, -1.53257, 1.07824, 0.417188, -0.420874	0
-1.22339, -0.571707, -0.940054, 2.01523, 1.54843, 2.04488, -1.8439, -1.1686, 0.350026	0
1.17577, -1.171, 0.604741, 1.38345, -0.488649, -1.41037, 0.561588, 0.0240331, -0.885536	0
-0.988063, 1.26401, 0.14613, 2.24791, 0.992222, 2.07932, -1.40925, -2.15832, -1.84634	0
0.608817, 0.40191, -0.646816, -0.401231, 0.978739, -1.14473, 1.61568, -0.342615, -1.07843	0
-0.214207, -1.19046, 0.792033, -1.20143, 0.546799, -0.559653, 0.792902, 0.167004, 0.576328	0
1.62495, 0.0948503, -0.222301, -0.912197, -0.280346, -0.425354, -0.387832, 0.683321, -0.558167	0
0.682213, 0.785758, 1.60239, 0.944003, -0.228782, 1.43764, -2.70338, -1.50151, -1.1612	0
0.982634, 1.50384, -1.47456, -0.0635239, 1.02613, -0.575585, -0.175387, -1.28843, 0.0633293	0
-0.0461622, -0.0457907, -0.661458, 1.10844, 2.54485, -1.53187, 0.939854, -0.337853, -1.57419	0
0.892836, 0.685036, 0.588075, 1.02263, 1.93489, -0.308293, -0.83746, -3.24307, -0.516327	0
-1.48578, 0.117433, -1.52132, 0.603252, 0.767682, 1.8896, 0.636582, -1.42149, 0.460193	0
1.64046, 0.857794, -0.37022, -0.971171, -0.0157844, 0.0365128, -1.32103, -0.39411, 0.186147	0
1.27485, 1.34132, 1.55094, -0.141065, -0.801029, -0.730976, -0.640052, -0.795089, -1.33994	0
1.27485, 1.34132, 1.55094, -0.141065, -0.801029, -0.730976, -0.640052, -0.795089, -1.33994	0
1.27485, 1.34132, 1.55094, -0.141065, -0.801029, -0.730976, -0.640052, -0.795089, -1.33994	0
1.27485, 1.34132, 1.55094, -0.141065, -0.801029, -0.730976, -0.640052, -0.795089, -1.33994	0
1.27485, 1.34132, 1.55094, -0.141065, -0.801029, -0.730976, -0.640052, -0.795089, -1.33994	0
1.27485, 1.34132, 1.55094, -0.141065, -0.801029, -0.730976, -0.640052, -0.795089, -1.33994	0
0.0146507, -1.17776, 0.0695803, -0.450521, -0.575047, -0.782203, 1.06643, 0.0224162, 0.403775	0
-1.1775, -0.461207, 0.230439, -0.597936, -0.421569, 0.111206, 0.263651, 0.641058, 1.07457	1
0.994425, 1.05624, 0.816172, -1.7511, -0.633399, 0.184709, -0.470622, -0.0968937, -0.545082	0
-0.180942, 1.16477, -1.31395, 2.82388, 0.294271, -0.654582, 0.0956118, -1.51884, -2.05457	0
0.176852, 0.0574485, -0.42162, 0.226753, -1.69899, 0.756723, -0.914856, 1.09052, 0.244287	0
-0.094631, -1.581, -0.820936, 0.609016, 0.0245649, -0.306339, 0.586992, 1.08811, 0.277319	0
-2.03159, -1.72285, 1.25606, 2.12985, 1.01711, 1.42949, -0.16324, -1.56888, -0.181848	0
0.275134, -1.30195, -1.05337, -1.18822, -1.58277, -1.64016, 0.965472, 0.219648, -1.24353	0
1.06552, 0.501629, 1.15592, -2.11474, 0.00122456, -0.870322, -0.0119545, -0.104037, -2.53647	0
0.397186, 0.9431, 0.77597, -0.809571, 1.90661, 0.684133, -0.204482, -0.370551, -3.15249	1
0.0307749, -1.61203, -0.99761, 2.23517, 1.55057, -1.02621, 0.637552, -0.117605, -0.488509	0
0.85865, 1.21265, 0.208349, 2.07473, -0.562772, 0.0705555, -2.60057, -0.517464, -0.821426	0
0.032627, -1.60055, -1.47093, 0.934793, 0.431306, -0.0142549, 1.06601, 0.219648, 0.286207	0
-2.23262, 0.304013, -0.908169, 0.248476, 0.753462, 0.657415, 0.519917, -0.0269721, 0.721677	0
0.72329, -0.577158, 0.0195451, -1.36888, -0.825184, 0.51878, 1.01197, 0.324909, -0.322011	0
0.122453, 0.334947, -0.0864796, -0.295949, -1.7005, -0.144312, 0.744507, 0.00654294, 0.530395	1
1.05591, 0.179293, -1.33164, 0.923097, 0.0232315, -1.06099, 1.1302, -0.508063, -0.502694	0
1.49427, -1.34699, 0.338602, 2.15699, 1.24477, -0.0609075, -1.30142, -0.0507345, -2.34041	0
-0.286614, 1.1871, 1.29769, -1.52554, 0.501468, 0.725592, -0.124255, 0.390992, -2.28103	0
0.359264, 1.57234, 0.584331, -0.886511, -1.23051, -0.487772, -0.0630794, -0.171524, -0.0840982	1
0.881825, 0.697201, 1.31725, 0.817555, -0.0215542, 0.0019696, 0.630861, -3.02526, -1.35122	0
1.34812, 0.739265, 1.09986, 1.72597, 0.943306, 0.300967, -1.92996, -1.67452, -2.39778	0
2.42092, -0.578488, 0.398237, 0.458187, -0.782619, -0.0264557, -0.822453, -0.424333, -1.03132	0
-0.462761, 0.336914, -1.29307, -1.14536, -1.11052, -1.62653, -1.35157, 0.719371, -0.0608121	0
-1.44163, 1.61605, 0.41318, 1.33546, -0.715089, 2.08203, -1.38581, -1.63603, -0.320451	0
1.372, 0.935258, 1.22348, 1.81359, -0.465472, 0.173264, -1.93704, -1.78909, -1.41212	1
-0.644002, -2.05845, -1.11144, 0.39728, 1.52541, 0.639441, 0.335507, 0.145737, 0.74532	0
-1.63849, 0.198152, 0.0491876, -1.30757, -2.15595, -1.9095, 1.00493, -1.77295, 0.135287	0
-1.27258, -0.712895, -0.756289, -1.78534, -1.44045, -2.12868, 0.322402, -0.570387, 0.857804	0
0.328881, -1.92243, -0.647667, -1.36305, -1.25089, -1.64893, 0.892697, -0.0554696, -0.788674	0
1.50978, -0.302071, 0.783104, -2.00533, -2.17908, -1.90119, -0.371775, -1.33191, -2.40505	0
1.50978, -0.302071, 0.783104, -1.65764, -1.29632, -1.45773, -0.371775, -1.33191, -2.40505	0
0.328881, -1.92243, -0.647667, -1.56786, -2.17654, -2.09285, 0.892697, -0.0554696, -0.788674	0
-0.873792, -1.65416, -0.517665, -1.91365, -1.62011, -2.12976, 0.965803, 0.0417469, -0.113959	1
-1.94808, -0.387841, 1.06484, -1.01346, -1.66989, -1.87528, -0.820355, -0.662531, 0.650258	1
-1.56068, -0.922537, -0.216603, -1.44158, -1.76794, -1.76243, 0.946398, 0.585236, -0.888804	0
-1.58327, -1.32498, -0.0896519, -1.68132, -1.42037, -1.98589, 0.404067, 0.211256, 0.25184	0
-0.605202, -1.66431, -0.623864, -1.66048, -1.62219, -1.8076, -0.0552669, 0.755773, 0.00190234	0
-0.266064, -0.2762, 1.32516, -1.7041, -1.82845, -2.0393, -0.256019, -2.8048, 0.146064	0
0.294183, 1.30956, 0.894145, -1.83893, -1.19527, -1.7778, -1.14681, -2.62933, -0.774982	0
-0.952445, -1.83461, 1.68654, -1.83931, -2.01913, -1.66152, 0.674452, -1.00157, -0.714106	0
0.717447, -1.57665, -1.49735, -1.85785, -2.08915, -1.59757, 0.656382, -0.448563, -1.81445	0
-2.07021, -0.755567, 0.429843, -1.74841, -1.64432, -1.86317, 0.402598, -0.44209, 0.353263	1
-0.831302, -1.19553, -0.954884, -1.67746, -0.907548, -1.36451, -0.01397, 0.713176, 0.123206	1
-1.80614, -0.679492, -0.328891, -1.85574, -2.21854, -1.39461, 0.179185, -0.00166878, 0.536163	0
-1.53617, -1.48902, -0.354821, -2.09682, -1.10804, -1.68435, 0.0211323, -0.822752, 0.705156	0
-1.68288, 0.576452, 1.62707, -1.5239, -1.5587, -1.8827, -1.64253, -0.84085, -0.0892359	1
-1.74269, 0.853466, 1.3812, -1.98229, -1.69824, -1.95773, -1.23693, -0.384822, -1.95902	1
0.560979, 1.25896, 1.09987, -1.85905, -1.86845, -1.74754, -0.85905, -2.30275, -1.78269	0
-1.40133, -1.38199, 0.971629, -0.758995, -1.87961, -1.43572, -1.00495, 0.633312, 0.0192305	1
-1.90417, -1.90727, -0.129944, -1.67554, -1.6503, -2.10538, -0.314217, 0.252613, 0.105614	0
-1.89914, -0.85833, -0.0200649, -1.95488, -1.18284, -1.32121, 0.109974, 0.235144, 0.331001	0
-0.377559, -1.82671, 1.01302, -2.10765, -1.84863, -2.21922, 0.361619, -0.182027, -2.7193	0
