O94742	-0.797593, -0.182963, 0.11231, -1.44023, -0.95517, -0.910964, 1.11172, 1.0571, 0.806577, 0.373618, -0.623038, 1.16773	0
P00560	0.993995, -0.749836, -1.26447, 1.12615, -0.662397, -1.16684, 0.261544, 0.219881, 0.0448204, 0.688794, 0.314729, 0.186162	0
P00912	1.69684, -1.28407, -0.0803284, 0.673296, -2.32527, -0.573306, 0.046703, -0.0745938, 0.351303, 0.737037, 0.710012, 0.392891	0
P01097	0.551312, -1.29295, -0.446853, 0.948743, -0.576487, -0.0422315, -1.29011, -0.01852, -0.618443, 1.15059, 1.62879, 0.56613	0
P02829	0.235961, -1.21835, -1.31476, 1.76731, -0.944016, -1.20959, 0.885701, 0.319706, 1.01437, 0.0614625, -1.03835, 0.797351	0
P15108	0.228888, -1.22267, -1.31703, 1.75769, -0.949152, -1.21242, 0.896577, 0.30588, 1.02208, 0.0778921, -1.03866, 0.808006	0
P02994	-1.73618, 0.610746, 0.550207, -1.45294, 0.562074, 0.442932, 0.129478, 0.724949, 0.313006, -0.63173, 0.40293, -0.090825	0
P03069	2.6187, 0.800556, 1.23574, 1.06959, -1.00171, -1.11634, -0.691472, -1.47895, -2.28551, -2.16541, -2.72225, -2.00969	1
P04786	0.138935, 1.75854, -0.489299, 0.0349196, 1.91356, -0.330898, -1.0477, -1.28862, 1.04582, -2.45368, -2.3601, 0.86673	0
P05030	-0.811255, 1.39586, 0.500458, -0.360467, 1.51305, 0.581589, -0.23114, -0.983438, -0.878639, 0.227426, -0.325584, -1.03891	0
P0CG63	1.23538, -1.44616, -1.20163, 1.35149, -0.725318, -0.964373, -0.263906, 0.452359, 0.867908, -0.752353, 0.195173, 0.850176	0
P06782	0.242321, -0.243689, -0.279392, -0.345122, -0.747983, -1.3328, 1.64265, 1.20647, 0.970812, -1.06699, -1.29323, 0.511424	1
P07259	-0.129009, -1.45087, -0.817076, -0.0806683, -1.29145, -0.28563, 0.789005, 0.909906, 0.902798, 0.216248, 0.818952, 0.653398	0
P07269	0.0471121, -2.2726, 0.311779, 0.617013, -2.08576, 0.896896, -1.87912, 0.225682, 1.43012, -1.58523, 0.191702, 1.17912	0
P07273	-0.982025, -1.271, -0.823544, 2.78299, -0.947609, 2.9629, 0.213639, -0.97472, 0.146906, 0.0355788, -1.43146, -0.235109	0
P08964	-0.271178, 0.467743, -1.24075, 0.473017, 0.706955, -1.31875, 0.149953, 0.603497, 0.37348, -0.781356, -0.214501, 0.382794	0
P09032	-1.13365, -1.72346, -1.46503, -0.0204172, -0.502924, -0.0815645, 0.932667, -0.461934, 1.76442, 0.996106, -0.488729, 1.71144	0
P09064	0.901296, -0.350621, -0.785354, 0.28623, -0.674427, -1.47281, -1.22511, -2.01878, 0.682594, 1.73434, 1.5597, 1.30197	0
P09435	0.124675, -0.9384, -0.147021, 0.174954, -1.00272, -0.188315, 0.835596, 1.11064, -0.434198, 0.496469, 0.684391, -0.213575	0
P10591	-0.567169, 0.193353, 0.0327204, -0.326333, 0.375386, 0.283503, 0.434778, 0.903314, -0.806926, 0.0309941, 0.431065, -0.758607	0
P10592	-0.66065, 0.208744, 0.229892, -0.399666, 0.314434, 0.446966, 0.460253, 0.796655, -0.832565, 0.153418, 0.463946, -0.9004	0
P09624	0.604668, -0.862628, -0.562542, 0.398822, -1.37767, -1.01977, 1.30589, 1.12559, 0.342784, 0.194992, -0.604193, 0.33022	0
P0C2H6	-0.0282534, 0.688213, -0.140649, 0.697073, 0.953077, -0.278494, 0.215026, -0.111214, -0.890713, 0.286515, -0.307651, -1.29722	0
P0C2H7	0.0607919, 0.715385, -0.709282, 0.756486, 0.967144, -0.225348, 0.228207, -0.15729, -0.738882, 0.304614, -0.349525, -1.1358	0
P39987	1.42366, -0.414564, -0.492065, 1.6948, -0.395734, -0.322491, 0.420638, -0.773556, -0.88825, 1.19183, -0.418897, -1.04009	0
P0CX36	-0.560094, -0.630448, 0.962056, -0.351638, -0.279212, 0.910379, 0.100827, 1.3418, -0.582254, -0.516978, 0.887657, -0.808379	0
P0CX35	-0.560094, -0.630448, 0.962056, -0.351638, -0.279212, 0.910379, 0.100827, 1.3418, -0.582254, -0.516978, 0.887657, -0.808379	0
P10964	0.278396, -1.15931, 0.45526, -0.498357, -0.66714, 0.856089, -1.07614, 1.49968, 1.32781, -2.80298, 0.35764, 0.920352	0
P11484	0.935012, -1.19353, -0.908647, 0.732036, -1.12487, -1.06449, -0.846451, 0.445867, 1.18431, -0.441926, 1.04327, 1.07083	0
P40150	0.968665, -1.15663, -0.91015, 0.750141, -1.07987, -1.04851, -0.737381, 0.506692, 1.02456, -0.420072, 1.12266, 0.888062	0
P11792	-1.98487, 0.403676, 0.159181, -1.43383, 0.639143, 0.128664, 0.890182, 0.644694, 1.02613, -0.446839, -0.572331, 0.00662141	1
P12695	-1.22315, -0.482069, -0.789483, -0.4026, -0.0351497, -0.294448, -0.0697832, 0.831069, 0.331007, 0.633205, 1.22473, 0.555879	0
P12754	1.36458, 1.16009, 1.18646, 0.828635, 0.354239, 0.558242, 1.0385, -1.7315, -1.37739, -1.51059, -1.68813, -1.15345	0
P12962	1.24776, -0.0663068, -1.80595, 1.56884, 0.0923376, -1.7662, 0.455188, -1.86419, 0.643865, 0.375948, -1.19975, 1.15146	0
P13186	-0.468649, -0.042928, -1.18688, -0.421355, 0.108104, -1.15683, 0.495143, 0.471672, 0.506291, 0.596465, 0.593291, 0.440055	0
P13586	-1.68917, 0.719238, 0.547245, -0.940709, 0.550946, 0.539005, -0.413949, 0.978208, 0.131418, -0.843105, 0.493676, -0.236704	0
P13712	-0.437791, 0.536258, -1.11777, -0.123586, 0.433634, -2.19844, -0.112138, -1.11935, 1.19872, 0.980439, -0.482733, 1.50579	0
P14747	-0.0303643, 0.339506, -1.75446, 0.123425, 0.945111, -0.817943, -0.20978, 0.0690656, 0.837032, -0.124647, 0.312631, -0.177139	0
P15180	0.193974, -0.791401, 2.79872, 0.251516, -0.618536, 2.8499, -1.84343, 0.0208256, -0.347011, -1.99719, -0.148012, -0.625052	0
P15705	0.32, 0.182845, -0.115121, 0.460074, 1.23927, -0.0734503, -0.458644, 0.296915, -0.609151, -0.804588, 0.505991, -1.09825	0
P15731	-0.899827, -2.03866, 0.511753, -0.611795, -1.71483, 1.04526, -0.963295, 1.66156, 0.435767, -1.41329, 0.0526234, 0.548724	0
P16140	-1.06543, 0.764971, 1.49096, -0.869653, 0.829312, 1.5621, -0.299944, -0.357284, -0.985931, -0.0336061, 0.0969964, -1.13391	0
P16474	-1.33032, -1.31886, -1.48189, -0.146067, 0.176039, 0.194248, -0.838017, -0.636284, 2.15792, 0.719982, 0.75441, 1.36608	0
P16521	-0.509516, 0.548688, -0.512042, -0.519678, 0.794055, -0.500763, -0.0227427, 0.925631, 0.123545, -0.966456, 0.518257, -0.150205	0
P16862	-0.26287, 1.36285, 0.335729, -0.568882, 1.11565, 0.257566, 0.337951, -0.0228685, -1.21172, -0.3383, -1.00956, -0.515737	0
P17891	0.284419, -0.512514, 0.444163, 0.35134, -0.708055, 0.487709, -0.660828, 1.33661, -0.767375, -0.415987, 1.16827, -0.513077	0
P18480	1.42842, -0.87933, -1.16768, 1.52601, -0.839432, -1.18792, 1.30433, -1.39781, 0.194034, 1.69645, -1.32971, 0.16065	0
P19158	-0.701569, 0.55299, -0.173973, -0.810591, 0.0184744, -0.143916, -0.399589, 1.44736, 0.432391, -1.17168, 0.703996, 0.0767345	0
P19211	-0.884107, -0.436774, -0.813492, -0.34674, 2.38967, -0.298619, -0.901705, -0.632073, 0.506712, -0.257457, 0.216667, 0.785432	0
P23301	-1.57587, 1.1079, 0.734198, -1.28011, 0.904159, 0.733038, -0.417628, -0.0754219, -0.339281, 0.150021, 0.402071, -0.448956	0
P19541	1.03039, 0.448136, 1.08848, 0.729071, 0.372287, 1.10415, -3.19254, -0.361021, 0.0299936, -2.76905, 0.298638, 0.32232	0
P20053	-0.693524, -1.97133, 0.430486, 0.104017, -2.18843, -0.848867, 0.693921, 0.184173, -0.276998, 1.82403, -0.337741, -0.325075	0
P22035	1.50016, 0.521266, 1.59252, 1.33624, -0.453646, -1.03125, -1.28133, -0.261798, -0.855864, -0.123905, -0.244419, -0.998805	0
P22211	-0.0151779, 0.103359, -0.185089, -0.504112, -0.377159, -0.522979, 1.26476, 1.30931, 0.334429, -0.427197, -0.305115, -0.801458	1
P22214	0.473084, 0.285924, 0.0814956, 0.410094, 0.0868003, -0.0420347, -1.46014, 1.06979, 0.565321, -3.03318, 0.526907, 0.323199	1
P22579	-0.961147, 0.0324738, 0.774297, -1.17046, -0.131721, 0.639861, 0.168159, 0.532491, -0.307054, 0.189406, 1.47761, -0.701966	1
P22943	-0.933032, -0.646873, -1.23888, 0.403417, 0.247002, -0.186209, 0.462201, 0.184627, 0.463574, 1.3454, 0.709887, -0.580574	0
P23638	0.17965, -2.42032, -1.02917, 1.08134, -1.35439, -0.211287, 0.608326, -0.9599, 1.07213, 1.57596, -0.216514, 1.52769	0
P24276	-1.0019, 0.518821, -0.417554, -0.571542, 1.05682, 0.205349, 0.246209, 0.433255, -0.333558, -0.157508, 0.488984, -0.524071	0
P24583	0.517034, -0.227166, 1.73569, 0.36278, -0.363072, 1.64859, -0.231519, 0.101651, -1.36813, -0.313497, 0.0118485, -1.61372	0
P25366	0.614321, 0.258617, 1.50197, 0.165097, 0.212173, 1.27319, 0.302121, 0.0911467, -1.2361, -0.416379, -1.00238, -1.90608	0
P25385	0.697422, -1.71816, -1.09391, 0.281722, 0.248034, -0.683451, -1.24284, -0.913722, 0.738709, 0.0329824, 0.793534, 2.42427	0
P25694	-0.483831, 0.151264, -0.691442, -0.772857, 0.212012, -0.654885, 0.415025, 1.08907, 0.391102, -0.282814, 0.585394, -0.0133659	1
P26570	0.564001, -0.128355, -0.0697981, 1.04121, 0.271902, 0.150483, -0.369137, 0.289059, -0.873684, -0.0807593, 0.743866, -1.32704	0
P26784	-1.78457, 0.268062, 0.0795975, -1.98299, 0.180563, -0.0963413, -0.206352, 0.235322, 1.52873, -0.267707, 0.0761822, 1.39122	0
P27692	-1.09717, 1.42249, 0.490986, -0.874355, 1.64589, 0.64194, -0.799109, -0.176369, -0.076525, -1.14452, -0.230707, -0.51252	0
P28834	1.4032, -1.25576, 1.89386, 1.65497, -0.709718, 2.62684, 0.558388, -3.46986, -0.79277, 1.31405, -3.86812, -0.456671	0
P29295	-1.95029, 1.32567, 0.61465, -1.89116, 1.2528, 0.431351, -0.0889377, -0.549933, 0.456484, -0.109079, -0.678823, 0.414695	1
P30822	-2.04482, -1.29217, -0.125349, -2.10854, -1.03402, -0.216135, -1.00282, -0.348024, 1.47952, -1.6572, 0.882348, 2.21263	0
P32333	0.786721, -0.445112, -1.29474, 0.369144, -0.687999, -1.51087, 0.197077, 0.335575, 0.678441, -0.00550389, 0.704165, 0.702947	0
P32468	-0.0910504, -0.161291, -0.214042, -0.0478004, 0.742238, -0.133096, -0.649369, 0.641561, -0.16283, -0.563277, 1.55556, -0.698475	0
P32473	0.423465, -2.7248, -2.05236, 1.51194, -2.06399, -1.521, 0.482914, -2.45371, 1.12055, 0.915532, -1.48687, 1.6193	0
P32481	0.486863, -1.74, -0.685708, 0.483383, -1.87123, -0.793799, 0.231199, 0.26872, 1.54969, 0.130498, 0.263883, 1.46446	0
P32497	-1.44806, 2.01463, -0.0310841, -1.35461, 0.53371, -0.122103, -0.823707, -0.116364, 1.03493, -0.894457, -0.576277, 0.719901	0
P32501	0.00306052, -0.455386, 1.04885, -0.146234, -0.879281, 0.933541, -0.601476, 0.98536, -0.343939, -0.956678, 1.78205, -0.806791	0
P32505	1.05317, -1.86503, -0.7061, 1.32073, -1.61907, -0.740845, 1.76412, -1.55332, 0.792441, 1.47647, -1.16056, 0.816652	0
P32589	-1.19134, 0.049416, -0.0079968, -0.807588, 0.152508, 0.054287, -0.258309, 1.22837, 0.237253, -0.512601, 1.20155, 0.0182412	0
P32590	-1.76056, -0.194765, -0.363719, -1.40917, 0.0462121, -0.0938296, -0.0936792, 0.643665, 1.24747, 0.0766544, 0.699902, 1.03446	0
P32604	-0.572263, 1.09745, -1.17077, -0.296169, 1.40446, -1.16769, 0.720726, -1.12571, 1.78651, -1.23923, -1.64817, 0.510281	0
P32607	-0.348391, -0.264224, -0.0583706, -0.508805, -0.714107, -0.765534, 2.61162, -0.354154, 1.5493, 1.33753, -3.61959, -0.0338833	0
P32608	-1.87375, -0.01817, -0.124836, -1.91814, 0.0728915, -0.125011, 1.26807, -0.933912, 1.22917, 1.64277, -0.696099, 1.03407	0
P32639	-1.424, 0.922619, 0.162547, -1.70805, 1.00107, 0.132367, -0.818168, -0.249298, 0.795761, -0.910013, 0.913449, 0.692128	0
P32790	0.690411, -0.480323, -0.713075, 0.880642, -0.389261, -0.684452, 1.06235, -0.606868, -0.726752, 1.82717, -0.10768, -0.563301	0
P32804	0.494588, 1.81508, 2.83834, -1.16277, 0.357718, 0.815929, -0.765148, -0.827555, -0.74845, -2.03046, -2.24192, 0.101211	0
P32832	0.212633, -0.579349, -1.03523, -0.27133, -0.9273, -1.62612, 0.19165, 0.234572, 1.99752, -0.28113, -0.141273, 1.51247	0
P33299	0.0995189, 0.295925, -1.93341, 1.32337, -0.276382, -0.849985, -0.313372, 0.187087, 0.816537, -0.359876, 0.341083, 0.179286	0
P33748	0.466368, 0.00621689, -0.452412, 0.764473, 1.14598, -0.562789, 0.228481, 0.507882, -0.592808, -0.161371, -0.671258, -1.03481	1
P34072	-0.913333, 0.722046, -0.476373, -0.566896, 0.204257, -0.521798, 1.10815, 0.823457, 0.0802926, 0.144558, -0.415966, -0.433026	0
P34078	1.4329, -0.807479, 1.27181, 1.39471, -1.07767, 1.31294, 1.05645, -1.06151, -1.13374, 0.866015, -1.72502, -1.65302	0
P34223	0.786178, -0.847733, -1.09702, 0.623696, -0.978659, -1.38263, 0.559498, -0.167494, 0.204082, 1.24587, 0.558961, 0.604221	1
P34244	0.225716, 0.529162, -0.310852, -0.645733, 0.0788601, -0.922281, 0.564357, 0.720062, -0.208623, 0.0996405, 0.375936, -0.498337	0
P36037	0.255208, 0.489224, -1.00519, 0.993663, 0.557398, -1.20919, -0.521689, 0.63229, 0.651039, -1.98281, -0.235445, 0.411719	0
P36041	1.18853, -0.140054, -1.07725, 1.12244, -0.102688, -0.877278, 1.40097, -0.397064, -0.577194, 1.05073, -1.69384, -0.393561	0
P36048	-1.6269, -0.169642, -0.416885, -1.49604, 0.411081, 0.0360061, -0.516804, -0.0453156, 1.73043, -0.950737, 0.0491241, 2.13995	0
P36095	-0.114324, -2.38708, 0.672438, 0.619839, -2.02504, 0.33877, 0.933585, 1.0509, -0.780385, -0.873494, -0.811851, -0.597227	0
P36123	-0.169885, 0.378256, 1.18704, -0.234878, 0.51469, 1.17379, -2.74185, 0.123029, 0.299374, -2.25175, 1.31628, 0.0123679	0
P36161	-1.747, 0.868627, 0.186557, -1.58716, 0.807555, -0.14604, -0.706677, -0.318943, -0.607629, -0.285068, 0.378778, -0.914109	0
P38011	-1.6437, 0.544495, -0.29868, -1.65321, 0.151369, -0.526749, 0.859837, 0.214378, 0.932843, 0.286523, -0.230001, 0.91183	0
P38071	0.615, -2.39575, -0.573078, 1.18635, -1.98536, 0.0381692, 1.37513, -1.34154, 1.33054, 0.0152534, -0.0978696, 1.47322	0
P38144	-0.823075, 0.300407, 0.972604, -0.991655, 0.321326, 1.13518, 0.0150897, 0.476377, -0.935073, -0.390813, 0.896118, -0.663501	0
P38205	-0.231158, 1.25096, 0.214558, -1.32025, 0.639533, -0.390114, -1.9661, -2.67337, 0.185224, 1.02127, 0.591353, 1.97177	0
P38238	-1.04218, -1.96901, 0.457451, -0.0748904, -2.06498, 0.313931, 0.436045, 0.609956, 1.18447, 0.188796, 0.27455, 1.72991	0
P38431	0.861639, 0.926196, -0.836663, 0.588102, 1.13017, -0.826594, 0.218002, -1.93768, -0.579663, 1.9274, -1.68897, -0.565575	0
P38691	-0.113938, -0.42136, -0.275211, 0.160605, 0.0141122, 0.354139, 0.544964, 0.960325, -0.3446, -0.00256527, 0.697458, -1.22187	1
Q05506	0.483903, -0.813734, -0.742438, 0.343778, -0.9892, -1.01259, 0.91156, 1.34123, 0.72554, -0.670875, -0.129854, 0.326698	0
P38738	-0.709271, -0.765786, -0.280407, -0.8874, -0.869267, -0.221878, 1.66079, 0.679668, 0.178861, 1.1665, 0.0384013, 0.287235	0
P38764	-0.297162, 1.06518, -0.750342, -0.783037, 0.950215, -0.970649, -0.568567, 0.123302, 0.406248, -0.575312, 0.586704, 0.314968	0
P38826	1.11322, -0.439756, -1.03029, 0.693445, -0.715059, -1.26676, 1.18128, 0.709137, 0.634284, -0.370916, -0.709069, -0.245949	0
P38873	0.720292, -0.1645, 0.226026, 0.48226, -0.536356, 0.0725202, 0.130432, 0.543318, -1.02461, -0.753625, 1.29653, -0.616263	0
P39015	0.425072, 0.0895954, 0.779219, 0.680652, -0.174836, 0.785303, -0.127101, 0.508087, -1.31874, -0.321227, 0.29734, -1.38148	0
P39078	3.39955, -2.05441, 0.300255, 0.233587, -1.89583, 0.430429, -0.174636, -1.46813, -0.343828, -0.149899, -1.64614, -0.706243	0
P39683	-1.00067, -0.521645, 1.04463, -0.807431, 0.0502104, 1.68342, -0.643906, 0.732984, -0.355462, -0.0538868, 1.3151, -0.88802	0
P39730	-1.02433, 0.993394, 0.831332, -0.989183, 1.01144, 0.813182, 0.044502, -0.581592, -0.892666, 1.32844, -0.619114, -1.02177	0
P39960	-1.14364, 1.0741, 0.467192, -1.04587, 1.19222, 0.813237, -0.120569, -0.0538944, -0.629772, -0.26191, 0.134402, -0.629108	0
P40056	0.390168, 1.22961, 0.209891, 0.419152, 0.548242, 0.245962, 0.715793, -1.19762, -1.41774, 0.592815, -0.795937, -1.2572	0
P40343	-0.40429, 0.106468, -1.06204, -0.178954, -0.301342, -1.04148, 0.497824, 1.10228, 0.704855, -0.48647, 0.352865, 0.454513	0
P40433	-0.126492, 0.217306, -0.797036, 0.523194, 0.80402, -0.593397, 0.476145, 0.410631, -0.916958, 0.519547, -0.427293, -0.266172	0
P40535	-0.244891, -0.0150099, 0.909022, -0.0317336, 0.103008, 0.907765, -0.194327, 0.775988, -0.752407, -1.05042, 1.09261, -1.19797	0
P41058	-1.758, 0.454775, 1.93561, -1.9451, 0.132866, 1.45256, -0.693527, -0.168997, 0.0734003, 0.249501, 0.635542, -0.271659	0
P41814	-1.31869, -1.17511, 0.469806, -0.781197, -0.974302, 0.451107, 0.710493, 1.0613, 0.542804, 0.594356, 1.02392, -0.060475	0
P43535	-0.156364, 1.04361, 2.57209, -1.69606, -0.307981, 1.76168, -1.99615, -0.306608, 0.84434, -2.82578, -0.953937, 0.799723	0
P43563	-0.42686, 1.21739, 0.489608, -0.632732, 1.17805, 0.590412, -0.397988, -0.255536, -1.02381, 0.397272, -0.328095, -1.01938	0
P43573	-1.74655, 1.05331, -0.219825, -1.2623, 1.79872, -0.135611, -0.393119, -0.326228, 0.950007, -0.513781, -0.866499, 0.588165	0
P43588	0.822325, -1.22177, -0.569344, 1.90821, -1.20553, -0.614634, -0.125211, 0.73872, 0.183758, -0.433589, 0.397853, 0.0854997	0
P43593	-1.41166, -0.56514, 0.507263, -0.524574, -0.137709, 1.03073, -0.713424, 1.17856, -0.294157, -0.790414, 1.45277, 0.604828	0
P43621	1.60545, 1.07087, -0.235125, 1.41175, 1.03426, -0.364617, -2.70509, -2.30137, -0.391489, -0.295055, -0.397141, 0.44964	0
P46959	-0.71647, -1.24512, 1.87285, -0.170227, -1.69536, 2.04757, -1.34144, 0.931033, 0.500866, -0.622925, 1.14137, -0.271944	0
P46963	-0.115537, 0.658204, 0.0, -0.103508, 0.769399, -0.321106, 1.56039, -0.827391, -0.808953, 1.56399, -1.77572, -1.03626	0
P46970	-0.485229, 1.22565, -0.65473, -1.22148, 1.62653, -0.484161, -0.0516009, 0.000121023, 0.855652, -1.32415, -1.14469, 0.421801	0
P46995	-0.102431, 1.01219, 0.727923, -0.214564, 1.21421, 0.583391, -1.25748, 0.163453, -0.771913, -1.55116, 0.410054, -0.606688	0
P47006	1.05439, -2.06018, -0.22808, 1.00289, -1.69041, -1.11795, 1.30086, 0.0245216, 1.40302, 0.61539, -1.88662, 0.90523	0
P47079	0.836832, -0.416244, 0.634979, 0.682327, -0.539966, 0.478331, 0.438517, 0.0485358, -1.25143, 0.676046, 0.29423, -1.44237	0
P47110	-0.276308, 0.584307, 0.991196, 0.0827448, 0.683026, 1.03797, 0.0441645, -0.518515, -1.32683, 0.595194, -0.15623, -1.65726	0
P47147	1.31278, -1.57961, 1.23847, 1.83483, -1.71717, 2.01178, -1.37227, -0.268162, -0.662926, -0.543847, 0.293184, -0.377919	1
Q06108	0.162206, -0.0353767, -1.04993, -0.394392, -0.12616, -1.27768, 0.199224, 0.201966, 0.285062, -0.0178598, 1.31377, 0.75004	0
P48562	-0.235481, 1.19704, 0.879718, -0.143889, 1.18019, 0.502064, -1.34923, 0.191681, -0.632567, -1.54892, 0.194408, -0.726317	0
P48567	0.390847, -0.403403, -0.731859, 0.486664, -0.557014, -1.4513, 0.252315, 0.222696, 0.260699, 0.496642, 1.31458, -0.0635392	0
P48570	-0.158965, 0.629231, -1.49279, -0.469077, 0.73165, -1.35598, 0.666308, -0.0015346, 0.556261, 0.0830298, -0.572277, 0.663278	0
Q12122	1.36293, 0.381581, -1.50678, 0.717366, 0.0525889, -1.87184, 0.355561, -0.364681, 0.392835, -0.24785, -0.764204, 0.625217	0
P52893	-1.39176, 0.711435, 1.16042, -2.35557, 0.530336, 0.878327, -1.7712, -1.37962, 0.917258, -0.34625, 0.0256656, 2.16148	0
P52917	0.56852, -1.87502, 0.617161, 1.01897, -2.15085, 0.62174, 0.563116, 1.10272, 0.281875, -0.576424, 0.112631, -0.0619355	1
P53072	0.135566, 0.706625, 1.64784, 0.0659731, 0.517723, 1.50188, -0.255872, -0.30867, -1.29462, -0.624629, -0.53805, -1.73752	0
P53073	-0.326235, -0.891205, 1.82906, -0.203233, -0.727955, 1.76735, -0.355528, 0.27499, -0.852556, 0.144951, 1.20273, -1.14788	0
P53088	-1.48941, 1.24132, 0.0891987, -1.37189, 1.3795, 0.100009, -0.44266, -0.0352109, 0.784047, -0.468099, -0.156646, -0.30127	0
P53197	0.119085, -1.31323, -1.53149, 1.01899, -1.01615, -1.22251, 0.828074, -0.279748, 1.20413, 0.955288, -0.348089, 1.19284	0
P53235	-0.844755, 1.37886, 0.888105, -0.420356, 1.49249, 0.848752, -0.181132, -0.980277, -0.944966, 0.281007, -0.802498, -1.19988	0
P53741	-0.945554, 0.650384, 0.66076, -0.92822, 0.685221, 0.355118, 0.0611141, 0.201617, -0.836688, 0.497904, 0.524771, -0.735996	0
P53935	1.54601, -0.342584, -1.29535, 1.36832, -0.214745, -0.974667, -0.446625, -0.0637024, -0.360458, 0.00532423, 0.285887, 0.262384	0
P53955	0.739448, -0.208234, -1.06422, 0.779456, -0.0456156, -0.525316, -0.184447, -1.73914, -0.829858, 2.06088, 1.01596, 0.236169	0
P80210	0.888642, 0.755688, -0.248207, 3.08536, -0.776405, -0.45466, -1.69275, -3.07988, 0.167651, -2.27501, -1.47111, 0.388408	0
P80428	1.48404, -0.596314, 1.3748, 1.11058, -0.722463, 1.53532, -3.38667, -0.913998, 1.42904, -3.04812, -1.82277, 1.7533	0
Q00362	0.766598, -0.474704, -0.905071, 0.739785, -1.06971, -1.38146, -0.505117, 0.678338, 1.47298, -1.20636, 0.507598, 0.840971	0
Q01919	0.13985, 0.999289, 0.212122, 0.135078, 0.841735, 0.337259, 0.10038, -0.246371, -1.07541, -0.682224, 0.281711, -1.20938	0
Q03407	-0.337135, 0.657777, -0.731008, -0.288757, 0.892042, -0.523969, -0.294305, 0.50862, -0.231794, -0.65399, 0.789284, 0.013492	0
Q03656	-0.81134, 0.357455, 0.14123, -0.624351, 0.40057, 0.0930306, 1.25911, 0.922662, 0.457788, -0.571486, -0.587505, -1.34023	0
Q03694	-1.26512, 0.837039, 2.09366, -1.37066, 0.779776, 2.07084, -1.00955, -0.7844, -0.702938, -0.411874, 0.134523, -0.561791	0
Q03785	0.0101747, -0.475562, -0.777047, -0.578834, -0.561882, -1.46192, 0.250966, 0.841875, 0.896705, -0.25215, 0.313583, 1.47647	0
Q03824	-1.58849, 0.777214, 0.947694, -1.46284, 0.574522, 0.38192, -1.11815, 0.538407, 0.75025, -1.41592, 0.758811, 0.426184	0
Q03973	0.772621, -0.213114, 0.864909, 0.83895, -0.315167, 0.852443, 0.676517, 0.183172, -1.35639, 0.473193, -1.03308, -1.68231	0
Q04003	0.891446, -1.5273, -1.23958, 0.994244, -1.17361, -1.10565, -0.965791, -0.38065, 1.57496, 0.828154, 0.229418, 1.48397	0
Q04013	-1.7605, -2.12359, 0.00556759, -0.112362, -1.80154, 1.10433, -1.32204, 0.0115465, 1.77994, -1.97099, 0.117751, 1.82798	0
Q04430	-1.80526, -0.291656, 2.45702, -1.21627, 0.0236882, 2.60609, -1.69981, -1.06021, -0.900022, -0.281269, -0.420084, -1.09952	0
Q04839	1.7849, -1.35899, -0.99045, 1.41707, -1.63441, -1.33129, 0.716186, -0.9528, 1.01616, 0.883016, -1.06204, 0.902269	0
Q06078	0.0945952, -2.45618, 1.44803, 0.702037, -2.04692, -0.292109, 0.290742, 0.373389, 0.622747, 0.416367, 0.568449, 0.607095	0
Q06103	-0.966419, 1.13417, -0.0294731, 1.31215, 1.02528, -0.267378, -0.899995, 0.129688, -0.442948, -1.31892, -0.0156893, -0.33319	0
Q06406	0.53559, -2.6489, -0.164444, 1.04803, -2.11366, -0.00997118, 0.482324, -0.214448, 1.42848, 0.664512, -0.256678, 1.12369	0
Q06685	-1.13948, -0.556904, -1.44744, -0.422099, -0.0645269, -1.11135, 0.615481, -0.815288, 1.78606, 1.11814, -0.499733, 1.80213	0
Q07807	1.05391, -0.898433, -0.970998, 0.274505, -0.86885, -1.03927, 1.5388, -0.49549, -0.253244, 1.70246, -0.710738, 0.59795	0
Q08208	0.329075, -0.651157, -1.043, 0.123317, -0.73632, -1.16198, 0.511551, 0.579955, 0.413838, 0.690934, 0.855933, 0.27661	0
Q08217	1.16608, -1.78161, -1.02865, 0.97941, -1.66192, -0.832301, 1.19679, -0.127801, 1.27615, 0.733764, -1.21001, 0.807168	0
Q08444	0.311635, -0.429852, -0.443772, 1.95574, -0.25544, -0.764266, -1.97253, -0.314884, -0.340368, -0.221944, 1.17861, 1.11016	0
Q08831	-0.157026, 0.225898, -0.769519, 0.701159, 1.13672, -0.0246308, -0.481115, -0.685479, -0.936005, 0.960915, 0.705973, -0.60906	0
Q08923	-1.1397, 1.85175, 0.417372, -1.13682, 1.60767, 0.28524, -1.2823, -0.926793, 0.132122, -0.344609, -0.228209, -0.0629345	0
Q08972	-1.13045, -0.000393928, 0.00482008, -1.74237, -0.101037, -0.0852067, 0.565846, 0.54195, 0.440918, 0.674454, 0.876758, 0.188777	0
Q12052	-0.275309, 1.22735, 1.52265, -1.01912, 1.14302, 1.4707, -1.30595, -0.107532, -0.282748, -1.73332, -0.307421, -0.969998	0
Q12099	-0.25978, 0.565638, 1.19094, 0.0342211, 0.600784, 1.40643, -1.80795, 0.095962, -1.43172, -1.88842, 0.257441, 0.823817	0
Q12149	1.82205, -0.570244, -0.313109, 1.12641, -0.949823, -0.577858, -0.722102, -0.434846, -0.639932, 0.610727, 1.18738, -0.232693	0
Q12159	-0.380071, -1.10953, -1.06272, -0.00823207, -1.01611, -0.949074, 1.35594, 0.530233, 2.11619, -0.0104404, -1.37822, 1.09211	0
Q12211	-0.539774, -2.60344, 0.901073, -0.174754, -1.6803, 0.700662, 0.697489, -0.164267, 0.643301, 1.47005, 0.847679, 0.518673	0
Q12216	1.11551, -1.05608, -0.805636, 0.98347, -1.25046, -0.562986, 1.44392, -0.330992, -0.204152, 1.21731, -0.140704, -0.257648	0
Q12235	1.9425, -0.0713905, -0.628183, 1.89479, -0.262537, -1.45588, -2.1871, -0.629634, 0.949334, -0.753281, -0.409854, 0.569565	0
Q12246	-1.50667, 0.716441, 0.356103, -1.83361, 0.657072, 0.196689, -0.324247, 0.283529, 0.347993, -0.165117, 0.736227, 0.385615	0
Q12420	0.726001, 0.5448, -1.88681, 1.02827, 0.962655, -1.57237, -0.0375658, -0.724361, 0.846467, -0.651064, -1.29636, 0.716633	0
Q12432	-0.465801, 0.910486, 1.13036, -0.680232, 1.08284, 1.32022, 0.324226, -0.198532, -0.892452, -0.367347, -0.953266, -1.56633	0
Q12454	0.14157, -0.0290599, -0.964323, 0.271993, -0.402394, -1.491, 0.0769453, 0.92155, 1.28339, -1.59899, -0.183204, 1.14194	0
Q12468	0.906197, -0.615012, 1.09642, 0.926852, -1.16356, 0.873105, 0.553754, 0.0265432, -1.17519, 0.537739, -0.0576972, -1.50625	0
Q12494	-0.761533, -0.725732, -0.247175, -0.949987, -0.756905, 0.524773, 1.2747, 1.54983, 0.979629, -0.696942, -0.117602, -0.127094	1
Q12495	1.88135, 0.736323, 0.69726, 1.48319, 0.470068, 0.415037, -0.727537, -0.799324, -1.12712, -0.814342, -1.49458, -1.50095	0
Q3E7Y3	-1.65548, -0.401939, 0.167332, -2.17506, -0.361232, 0.177985, 0.104955, 0.587888, -0.431844, 0.137646, 0.821606, -0.944865	0
P0C0W1	-2.14673, -0.401939, 0.167332, -1.7491, -0.361232, 0.177985, 0.104955, 0.587888, -0.431844, 0.137646, 0.821606, -0.944865	0
Q3E833	0.758362, -0.957189, -0.205481, 0.908773, -1.31734, -0.375986, 0.597442, 0.491221, -0.238734, 0.896503, 0.661388, -0.748693	0
P11632	1.46173, -2.66283, -1.97132, 1.5094, -2.17375, -1.56606, 0.581295, -1.73144, 0.874838, 0.648725, -1.58942, 0.590547	0
P16892	-0.259024, -0.701322, 0.246405, -0.165065, -1.79005, 1.55107, -0.913567, 0.894967, 0.129915, -0.597351, 1.96941, 0.235264	0
P18888	0.323005, 0.592937, -1.78878, 0.381957, 0.4279, -1.91344, 0.978924, -1.94025, -1.25654, 1.21959, -1.87807, -1.3241	0
P32485	-0.762634, -1.94522, -0.533993, -0.169538, -1.28351, 0.0276957, 1.34881, 0.664097, 1.70196, 0.342233, -0.29462, 0.767003	1
P38633	2.07627, -1.55713, 0.280446, 1.78523, -1.32932, 0.0292991, -1.72349, -0.410802, -0.21805, -1.48397, -0.286965, 0.0779747	0
P20459	1.84735, -1.45897, 0.695693, 2.31635, -1.27694, 0.642151, -2.07106, -2.13056, -0.500966, -1.87963, -1.84578, -0.724538	1
