Q08001	-0.209715, 0.612833, -0.357235, 0.502035, -0.315633, -1.40102, 1.35681, -0.488993, -1.22184, 0.322674, 0.686658, -0.0546079, 0.668574, 0.0916989, -0.210073	0
P22211	0.0736289, 0.496835, 1.79068, 0.887246, 1.53826, 0.988037, -0.15925, 0.305591, -0.172139, -1.25226, -2.79402, -1.27239, -1.90837, -2.362, -1.45135	0
P38439	0.796117, -1.04612, 0.111056, 0.248745, -0.431063, 1.02761, -0.331487, -0.576086, 0.402927, 0.571163, -0.138342, -0.511368, 0.251002, -0.482223, -0.985302	0
P10591	1.1903, -0.750117, -0.12958, 0.184468, -0.265737, 0.203999, 0.322317, -0.323119, 0.238098, 0.0722201, -0.134578, -0.567331, -0.116703, -0.402194, -0.722165	0
P43579	0.783996, 0.0337768, -0.231087, -0.0427278, -0.691097, -0.106621, 0.068152, -0.575118, -0.332269, -0.192332, 0.8774, 0.0426174, -0.387109, 0.466662, -0.248817	0
P23254	-0.650499, 0.856645, 0.620735, 1.11009, -1.6631, -0.0822984, 1.29022, -1.39952, -0.123284, 0.936869, -1.17967, -0.382705, 1.46182, -0.743261, -0.444778	0
P36107	0.191931, 0.585664, -1.66032, -0.20819, 0.711609, -1.15386, -0.488008, 0.492934, -1.58951, 0.357977, -0.472, 0.601977, 0.945383, 0.17953, 1.10626	0
P17255	-1.03197, -0.00217077, -0.722887, -0.428808, 0.0227514, 0.666354, -0.0660793, 0.133928, 0.592379, 1.07865, 0.377079, -0.590935, 0.617066, 0.18897, -0.734451	0
P32591	0.6236, 0.240983, -0.232635, -0.0138808, 0.96269, -1.39563, -0.176018, 0.851249, -1.61389, 0.000159719, 0.587469, -0.209592, -0.292101, 0.246317, -0.475974	0
P46683	-2.30197, -0.516367, 1.29672, -0.250515, -1.63789, -0.865057, -0.0277882, -1.19256, -0.968881, -0.0425052, 1.54545, 0.835348, 0.238393, 1.62478, 1.02186	0
P32828	-0.973024, -0.919169, -0.967532, -1.55606, -0.411468, -0.0939958, 2.82406, -0.425144, 0.378451, 0.610124, 0.508745, 1.32263, -0.06593, -0.225463, 0.37268	0
P33298	0.682571, 0.775625, 1.68203, 1.20726, -1.91046, -0.221292, 1.45572, -1.75032, -0.222643, -0.120113, -0.848247, 0.757445, -1.18703, -1.40111, -0.119918	1
P32565	-0.982636, -1.11174, 1.1258, 0.651306, -1.71151, 1.45517, 0.79327, -1.6281, 1.63477, -2.24644, -0.804566, 2.35747, -2.09122, 0.0633028, 2.10325	0
P05750	1.19513, -0.117123, 0.7218, 0.750827, -2.32764, 0.580289, 0.649727, -2.29847, 0.61918, -0.216176, -2.09241, 1.35227, 0.0196592, -1.75263, 1.42633	0
P06169	-0.590158, 0.446062, -0.570964, 0.838292, 0.0472038, -0.446493, 0.845637, -0.101576, -0.391747, 0.268353, 0.239882, -0.612456, 0.363441, 0.397978, -0.721498	0
P13586	-1.87086, -0.383809, 0.253602, -1.07356, 2.63936, -0.924681, -0.935572, 2.52263, -1.09061, -0.872973, 0.723566, 0.380584, -0.882118, 0.534094, 0.521979	0
P35169	-1.80284, -1.20075, 0.679187, -1.91217, -1.37268, 1.08263, -1.58865, -1.62859, 1.36813, -1.75319, 0.273753, 3.18883, -0.896331, -0.518122, 2.3672	0
P06843	-0.865996, -0.545657, -0.326291, 0.658001, 1.0082, -0.998219, 0.558028, 1.01072, -1.15461, 1.51683, -0.0139846, -0.776826, 1.01174, -0.479381, -0.969467	0
P33330	-0.523151, 0.465168, 0.251508, 0.469556, -1.15828, 0.87661, 3.14308, -1.1095, 0.434555, -0.635014, -1.57377, -0.260094, -0.075661, -0.747585, -0.120493	0
P53309	-1.4684, -0.241344, -1.80384, 0.313494, 0.296923, 0.128818, 0.0157305, 0.0428327, 0.0198125, -0.42142, 0.830445, 1.58222, -0.440162, 0.645168, 1.3881	0
P53858	-0.56555, 0.259292, -0.294614, 1.0434, 0.0924345, -0.949372, 0.696378, 0.188065, -1.04116, -0.364462, 0.893171, -0.466977, -0.0940749, 0.927461, -0.263895	0
P32797	0.954523, -0.481171, -0.677151, -0.00513304, 0.960724, -2.12878, 0.150277, 1.03835, -1.76771, 0.529293, -0.576595, 0.0459185, 0.681072, -0.221681, 0.265976	0
P26321	0.112404, 0.0115544, -1.93135, -0.0092472, 0.6403, -1.87202, 0.193946, 0.735299, -1.78225, 0.533628, -0.35368, -1.18045, 1.07715, -0.157765, -0.898394	0
P07273	0.00190795, 0.109931, -1.65932, -0.357632, -0.0297858, -1.04557, -0.239332, 2.2121, -0.910337, 2.74879, -2.20496, 0.92964, -0.156559, -1.5029, 1.1809	0
P32324	0.729377, 1.19602, -0.579055, -0.899257, -0.155868, 0.252143, -1.43863, -0.670827, -0.16606, -0.19324, 0.130844, 0.034473, 0.193149, 0.487246, 0.35542	0
P41940	-0.954492, 0.393628, -0.604254, 0.286823, 0.243771, 1.31795, -0.00348877, -0.557038, 1.00574, -1.75756, 0.588808, 0.432634, -1.31052, 0.677373, 0.411383	0
P38850	0.321946, -0.581614, -0.54928, 0.488771, -0.310717, -0.0236475, 0.500713, -0.465554, -0.458915, -0.147048, 0.811947, -0.34651, -0.154108, 0.6739, -0.0241215	0
Q04233	0.116602, -0.192831, -0.978005, 0.251786, 0.700979, 0.980391, -0.714065, 0.55542, -0.160428, -0.251892, -0.302864, -0.776623, 0.182943, 0.253793, -0.35823	0
Q03388	0.967695, -0.0478123, 0.083433, 0.139571, -0.364993, 0.0551035, -0.379522, -0.466893, -0.0584802, -0.654202, 0.644241, -0.327136, -0.0522946, 0.17276, -0.634923	0
P25302	0.296891, -0.0308913, -0.674648, -0.137728, 0.00407835, 0.0817299, 0.198692, -0.0459721, 0.108255, -0.152917, 0.298278, -0.643098, 0.214719, 0.530238, -0.536403	1
P54861	0.818531, 0.138348, -0.691631, -0.866074, -0.437582, 0.538384, -0.364097, -0.512354, 0.858715, 0.0808634, 0.0297764, -0.0382677, 0.158083, -0.153209, -0.346792	0
Q08496	-2.22267, -2.19372, 2.51408, -1.88054, -0.595402, 1.87937, -1.8588, -1.06789, 2.02404, -0.300507, -1.91523, 0.0582658, -0.620716, -1.11916, -0.104712	0
P53191	-0.423368, -0.320101, -0.257422, 0.234223, 0.357681, 0.380872, -0.465018, 0.307881, -0.380569, -0.122848, 0.0191804, -1.32046, 0.761063, 1.20107, -0.429299	0
P53388	0.600699, 0.583622, 1.44188, -0.330719, -0.0724864, 1.04603, -0.419472, 0.331623, 0.911709, 0.688551, -0.34215, 0.927095, -1.95617, -3.30462, -1.92261	0
P39517	0.203089, -0.18673, 1.16915, -0.0484786, -1.40854, 0.993558, 0.0157775, -1.17324, 1.31165, 0.185094, 0.189124, -0.590655, -0.283577, -0.42831, -0.852857	0
P18480	0.0851075, 0.61671, 0.644074, 1.78115, -1.97557, 0.957106, 1.52298, -2.04559, 0.828352, -0.646331, -1.87647, 0.656131, -0.48714, -1.53725, 0.620212	0
P05374	-0.868177, -0.0888064, -1.21215, 0.20804, 1.612, -0.925052, 0.0850677, 1.68194, -1.15834, 0.600489, -0.177995, -0.0872905, 0.53105, -0.173845, -0.299742	0
P53224	0.464089, 1.92132, 1.57138, 1.92385, 1.54784, 0.638845, -0.197891, -0.141455, -1.26356, -1.74061, -2.87297, -0.684088, -1.33184, -1.91254, -0.294426	1
P14742	-0.143981, -0.13387, 0.654076, -0.779872, -0.254394, 1.22876, -0.294039, 0.120803, 1.89064, -0.178738, 0.162484, -0.755729, -0.585726, -0.426516, -1.46452	0
Q08215	-1.94246, -3.22883, 0.465316, -1.52303, 1.50833, 0.490543, -1.40075, 0.822428, 0.819948, 0.404316, 0.800352, -0.0155731, 0.508586, 0.40258, 0.0369588	0
P39523	0.00799997, 0.379761, -1.07406, 0.714207, 0.431985, -0.494667, 0.666613, 0.435856, -0.485814, -0.432868, 0.158053, -0.285483, -0.300737, 0.309759, -0.294812	0
P53911	-0.796207, 0.0465226, -0.129947, 0.780641, 1.6354, -0.736464, 0.868404, 1.75578, -0.954476, -0.171647, -0.310917, -1.1716, -0.307819, -0.295978, -0.942349	0
P40505	-0.549125, -4.44601, 1.47746, 1.05618, 0.734331, 0.672831, 0.525455, 0.805639, 0.335808, -0.444836, -0.100463, -0.53291, -0.285532, -0.296356, -0.296622	0
P38165	1.05747, -0.41023, 0.0718235, -0.334797, 0.14471, -0.00932422, -0.349861, 0.272982, -0.0897598, -0.270456, 0.0751107, -0.8856, -0.111397, 0.341393, -0.788145	0
P29295	1.26952, -2.13937, -0.682624, -1.21316, -0.168667, -0.187957, -1.24355, -0.259081, -0.254966, -1.07771, 0.271464, 3.13679, -1.05054, -0.0599921, 2.60011	0
P11484	-0.605364, 0.430345, 0.682992, 0.859955, -1.49065, 0.263727, 0.599208, -1.32982, 0.304563, 0.25347, 0.610944, -0.176743, -0.120265, 0.309703, -0.592569	0
P07259	-0.989486, -0.740319, -0.62858, -0.71823, 3.00035, -0.705027, -0.564901, 2.94922, -0.38332, -0.887019, -1.53188, -0.0929261, 0.196654, -0.367655, 0.165011	0
P48524	0.494038, -0.253861, -0.936968, -0.045984, -0.381995, -0.862705, 0.422041, -0.0445468, 0.122919, -0.142247, 1.17123, 0.796144, -0.748363, 0.293721, -0.0324686	0
P43634	0.177571, 0.699214, 0.626539, 1.4556, -0.5533, 0.174434, 1.41749, -0.0837174, 0.0756733, -0.453667, -0.508766, -1.12062, -0.844132, -0.946789, -1.09649	0
P02557	-2.07347, -0.123194, 1.20692, 3.4752, -1.65564, 0.0389942, 1.12033, -1.87587, 0.372151, 0.0750456, -1.38404, 1.55969, -0.243811, -1.40451, 1.07575	0
P15108	-0.867874, -0.312619, -0.972215, 0.394377, -0.532141, -0.876325, 1.06155, -0.69368, -0.642132, 0.594509, 1.00763, 0.800264, 0.448648, 0.784543, 0.475748	0
Q01454	-1.92416, 0.845379, -1.45251, 0.000924006, 0.672827, -1.4456, -0.0356471, 1.42261, -1.20208, 0.243845, 0.30149, 1.10385, 0.438351, 0.427792, 1.26061	0
P36097	0.668201, 0.138854, -1.21441, -0.441845, 0.731686, -2.09983, -0.285031, 0.787464, -2.00195, 1.2943, -1.09384, -0.820238, 1.23989, -0.903158, -0.679395	0
Q12098	1.97261, -1.94041, 0.376084, -2.37254, -0.0378627, -0.311903, -2.04032, 0.104284, -0.415455, -0.206066, -0.238143, 1.33231, 0.0400576, 0.11926, 1.54956	0
P25694	0.356809, -0.800915, -0.0718992, -0.650746, 0.583679, 0.366912, 0.338774, 0.452519, 0.324015, -0.172999, 0.383821, -1.20129, 0.177951, -0.0136243, -1.06052	0
P38764	1.4813, -0.70379, 0.268667, -0.368924, -0.363137, 0.389825, -0.712401, -0.665824, 0.21306, -0.177051, -0.226197, -0.56948, 0.168793, 0.0277295, -0.267592	0
P19158	-0.0646128, 0.272349, -0.0979778, -0.0394502, 0.622127, -0.475821, -0.477449, 0.420813, -0.0367952, -0.340646, 0.172194, -0.77454, -0.0723448, 1.25744, -0.971692	0
P40150	-0.574205, 0.526282, 0.717148, 0.847608, -1.51562, 0.190603, 0.601584, -1.36562, 0.261747, 0.345856, 0.548853, -0.183714, -0.0390203, 0.225246, -0.620511	0
Q06146	0.771446, 0.600411, -0.250997, 1.25858, 0.661977, -0.00745538, 0.266943, 0.289545, -0.709178, 0.19258, -0.167455, -0.218355, -0.764553, -1.82956, -1.22545	0
P46969	1.47385, 0.170867, -0.207598, -0.314192, 0.310337, 0.297617, -0.697056, 0.398424, 0.173914, 0.270684, -2.05822, -1.15489, 0.861737, -1.07188, -0.53192	0
P43588	-1.46205, 0.592606, 0.516541, 0.344209, -0.552345, 0.24869, 0.158126, -0.58802, 0.0675815, 0.671589, 0.0981603, -1.0632, 0.978591, 0.0767647, -0.905671	0
Q04949	0.490345, 0.682165, 0.768401, -1.92367, 0.45929, -0.395855, -1.54318, 1.26868, 0.626903, -2.62911, 0.0519, 0.490224, -2.57776, -0.259899, 0.432595	0
P32608	0.478321, -0.0537984, 0.428883, -0.810571, -0.0475954, -1.15423, -0.672865, 0.113408, -1.33577, 1.13361, 0.821044, -0.663299, 0.841278, 0.531843, -0.458602	0
P38994	0.419819, -0.369325, -0.744938, 0.297852, 0.570151, 0.458185, -0.593912, 0.191583, -0.210211, 0.0716686, -0.332189, -0.984943, 0.604562, 0.228507, -0.450424	0
P15442	-1.08446, -0.835133, -0.714066, -0.362253, 0.778838, 0.324042, -0.755167, 0.523551, -0.125261, -1.96143, -0.0886228, -0.650395, 1.15285, 1.80028, 1.77359	0
P39009	-0.472609, -1.40424, 1.19817, -2.65315, 0.406745, 0.971226, -2.65533, 0.249209, 0.936798, 0.070435, 1.38579, 0.430256, -0.272744, 0.915575, -0.0100607	0
P40529	0.351525, 0.864918, -0.179452, -1.48457, 0.11627, -0.167516, -2.04237, 0.362146, -0.116913, -0.605885, 0.480096, -0.324317, 0.622972, 1.08871, 0.202012	0
P10869	0.670713, 0.476076, -0.752421, 0.496641, 0.589944, -1.9327, 0.698999, 1.20078, -1.57572, 1.29586, -1.68565, -0.426315, 1.01641, -1.50578, 0.0817295	0
P10592	1.19735, -0.809348, -0.256034, 0.136558, -0.169833, 0.0230646, 0.255705, -0.135225, 0.0947993, 0.125386, -0.055583, -0.535023, -0.0453823, -0.323528, -0.67347	0
P04802	-1.4462, 1.06514, 1.74724, -0.233545, -2.3677, 1.60743, -0.398167, -2.12096, 1.43529, 0.791168, -1.26143, 1.06513, 0.773793, -1.50004, 0.351208	0
P38708	-1.57344, -1.35182, -0.0167436, -1.09363, 0.19381, -0.0163816, 1.82416, 1.43616, 1.87176, -1.13146, 0.480573, -0.0451408, -1.12382, 0.490854, -0.0512193	0
P53718	-0.0561494, 0.269844, -0.595769, 0.0284725, -0.450291, -1.06068, 0.560629, -0.696102, -0.70084, 0.215725, 1.72293, -0.161456, 0.682797, -0.0562098, 0.437692	0
P38219	-0.305396, 0.641248, -0.29332, 0.386252, -1.38367, 0.56809, 0.282013, -1.98785, 0.458552, 0.0569827, -0.121074, 0.254637, 0.419313, 0.441263, 0.634429	0
P38199	0.836299, -1.11402, -0.0401142, -1.30133, 0.644624, -0.819808, -1.06123, 0.465132, -0.836014, 1.25322, 0.673641, -0.152253, 0.803381, 0.0519443, -0.536702	0
P60010	-0.265544, 0.287668, -0.214987, -1.34878, -0.679348, 0.403814, -1.40095, -0.572818, 1.23492, 0.633782, 0.846241, -0.245556, 0.518799, 0.615723, -0.0347727	0
P10659	-0.353656, -0.8544, 0.328468, -0.983588, -1.8022, 0.845196, -1.1709, -1.61084, 0.738815, 0.32914, 1.07344, 0.709637, 0.719564, 0.832012, 1.16058	0
P0CX31	0.730533, -2.11695, 2.0929, -1.27606, -1.84187, 1.01024, -0.849019, -1.60918, 1.63714, -1.15499, -0.22219, 1.69068, -1.14189, -0.0873981, 1.5332	1
P53290	-1.96974, -1.98512, -0.581084, 1.41568, 0.618295, -1.59659, -0.163178, 0.624802, -1.48765, -0.955543, 0.653266, 0.698874, 0.731503, 0.639543, 0.949152	0
P40356	0.487028, 0.667558, -1.02525, 0.839917, 0.806752, -2.03253, 0.461981, 0.779339, -1.71277, 0.560831, -0.0903854, 0.895617, -0.184081, -1.0624, -0.025204	0
P34072	0.851097, -0.647963, -1.11497, -0.0801032, 0.210771, -0.172059, -0.0174754, 0.385739, 0.0320486, -0.352816, -0.767189, -0.535795, 0.256573, 0.707119, 0.294926	0
P12688	0.153198, 0.0390245, -0.650318, 0.619218, 1.00225, -0.391531, -0.335684, -0.0887522, -0.919618, -0.0467082, 0.554868, -0.449151, 0.161927, 0.39114, -0.471463	0
P25344	0.310559, 0.315473, -0.538881, 0.695569, 1.6419, -0.427264, 0.121176, 0.881979, -0.662235, -0.345472, -0.553738, -0.933618, 0.0425174, -0.68486, -0.976151	0
Q04739	1.84238, 0.457219, 1.67076, 0.0788598, -0.512902, -0.561676, -0.222243, -0.332831, -0.703109, -2.27202, -0.624709, 0.438967, -1.95134, -0.309529, 0.786171	0
P32639	-1.05796, 0.220733, -0.374287, -0.211115, 0.241786, 1.16177, -0.267001, 0.137511, 0.985251, 0.34982, -0.261649, -1.25267, 0.618784, 0.218995, -0.762262	0
P53741	0.134327, -1.00604, 1.01776, 0.105414, 0.831091, -0.683369, -0.280479, 1.32527, -0.902539, -0.417154, 0.813822, -1.12915, -0.435743, 0.573927, -1.14177	0
P16862	1.27053, 1.18131, 1.36971, -0.252475, 0.0344769, -0.363469, -0.393918, 0.253763, -0.616275, 0.293873, -0.539816, -0.936389, -0.557034, -1.40074, -1.3663	0
P39001	1.03577, 0.543557, -0.84741, 0.0452672, -0.0384187, -0.392568, 0.0685427, -0.172674, -0.437105, 0.49195, -0.540313, -0.249863, 0.401162, -0.481994, -0.382896	0
P0CS90	0.716355, 0.302363, 0.0932433, 1.02388, 0.729695, -0.259411, 1.29283, -0.375996, -0.781607, -0.459096, -0.543029, -0.93749, -0.538381, -0.618253, -0.803246	0
P0CG63	1.24787, -0.966958, 0.213279, 0.17627, -0.135013, -0.529578, 0.419378, -0.220734, 1.1511, -1.38187, 0.321189, 0.16365, -1.54883, -0.0155739, -0.13112	0
Q03656	-1.1986, 0.336231, -0.125405, -0.500567, 0.141677, 0.28262, -0.460169, 0.157033, 0.3276, 0.332532, 0.154301, -1.89777, 0.837145, 1.17099, 0.312207	0
Q03897	0.200668, -0.830389, -1.08144, -0.700259, 0.208485, -0.40748, -0.519778, 0.816644, -0.321837, 0.560796, 0.255906, -0.428346, 0.877405, 0.734255, 0.130552	0
P47160	-0.959962, -0.00358666, 1.05558, 0.528538, -2.30342, 0.128108, 0.556478, -2.00613, 0.198982, -0.0750787, 0.210067, 0.233857, -0.218112, 1.1868, 1.60309	0
Q12515	1.008, 1.13808, -0.0389168, 2.06627, 1.13774, 0.33154, -0.542225, -0.222927, -1.55199, -0.367987, -1.86402, -0.0663049, -0.568454, -1.69934, -0.44232	1
P31384	0.692308, 0.859884, 0.203088, 0.0504709, 0.382045, -2.62618, -0.355177, -0.0642369, -2.78616, -0.0631225, -0.935333, 0.0536905, 1.28852, 0.424711, 1.64324	0
P38970	-0.301937, -0.233102, -0.646434, 0.807582, 0.688161, 0.203709, 0.0411228, 0.0422129, -0.608603, 0.515352, 0.530532, -0.832698, 0.108183, 0.116178, -0.659919	0
P39940	0.175367, -0.444859, -1.19854, -0.42868, 0.5343, 0.240608, -0.636965, 0.572596, 1.52769, 0.760784, -0.721822, -0.501422, 0.651724, -0.778348, -0.573114	0
P33400	0.15433, 0.601807, -1.59474, 0.762199, -0.640285, 0.103013, 0.481403, -0.763484, -0.0619767, 0.246045, -0.426679, 0.705663, 0.198505, -0.380731, 0.583934	0
P07283	1.23681, -0.492, -0.873071, -0.363019, 0.788355, 0.337723, -0.214293, 0.423964, 0.213186, -0.488028, -0.600307, -0.388275, -0.471625, -0.25014, -0.21464	0
P05740	0.531413, -0.268113, -0.0490499, 0.00312946, 0.461572, 0.860959, -0.103577, 0.304239, 0.757206, -0.888991, -0.278494, -1.12414, -0.597084, 0.108651, -0.888909	1
P28777	0.15199, 0.114934, -1.25519, -0.0477707, 0.607346, -1.23606, 0.421538, 0.889589, -0.999214, 0.818249, -0.24452, -0.341609, 0.61115, 0.00356856, 0.0107773	0
P38144	-0.442546, 0.368804, -0.286793, -0.303243, 1.36287, -0.725521, -0.917771, 0.89641, -0.415788, 0.23246, 1.78879, 0.146926, -0.660434, -0.24054, -1.04274	0
P43535	1.32403, 0.854443, 0.856618, -1.19029, 0.00997351, 1.2097, -0.680491, -0.761972, 0.71143, -0.708256, -0.819265, -0.364767, -1.22464, -0.562159, -0.519707	0
P25333	-0.638113, -1.27356, 0.50561, 0.978269, -0.128624, -0.332667, 0.551929, -0.369628, 0.358108, -0.245649, 1.36293, -0.433938, -0.516904, 0.914494, -0.779797	0
Q12386	0.333983, 1.37814, 1.61231, 1.3723, -1.17644, 1.01614, 0.984623, -1.40954, 0.529237, -1.48772, -0.791965, 0.427768, -1.28379, -2.41308, -0.453311	0
Q02799	0.175954, 0.785835, 0.83208, 0.0396416, 0.270319, 0.00352064, 0.660042, 1.00352, 0.822711, 0.906422, 0.0981086, -0.621883, -1.10565, -3.67947, -1.6588	0
P47029	0.310435, 0.725282, -0.00401629, 0.567537, -0.0314979, 0.207857, 1.02529, -0.528087, 0.347935, -0.36522, -0.182834, -0.705672, -0.44955, -0.495792, -1.17574	0
P12709	-0.0625592, 0.0882237, 1.07645, 0.208139, -0.5001, 0.332089, 0.114076, -0.591732, 0.211535, -1.60844, 1.14279, -0.289678, -1.4952, 1.11904, -0.293382	0
P20437	-0.680398, -0.910299, -1.54898, -0.975664, 0.406383, 1.04743, -0.934264, 1.48885, 1.05455, 1.76542, -1.76179, 0.132449, 1.53601, -1.63, 0.216339	0
P32801	-0.0413649, -1.60318, -0.333208, -0.667635, -0.740028, 1.0021, -1.1105, 0.1797, 0.909025, -0.635598, 0.640998, -0.0279262, 0.0481858, 1.46317, 0.495283	0
P46676	0.2052, -0.239161, -0.156439, 0.0919846, -0.230809, -0.533844, 0.330781, -0.403635, -0.399224, 2.48245, -0.260923, -0.0435527, 0.387542, -0.641834, -1.19139	0
P06782	0.818415, 0.89215, 0.815621, -0.243683, -0.806875, 0.391993, -0.84443, -0.607288, -0.197316, -1.85856, -0.427468, -0.869722, 0.0376754, 1.08612, 0.488976	0
P33417	0.794298, 0.246597, 1.96995, 0.251893, -0.809918, 1.47683, -0.258164, -1.26792, 0.951481, -1.62157, -0.81454, -0.637427, -0.822146, -0.910198, -0.419072	0
P53255	0.923788, -0.178271, 0.710013, -0.244466, -0.907102, -2.0714, 0.0101176, -0.625757, -1.86144, 0.981631, 0.343388, 0.19957, 1.0008, 0.312135, 0.429762	0
Q01477	-0.455565, 0.0369184, -0.0354509, -0.286409, 0.884637, -0.808412, -0.302479, 0.772694, -0.960045, 1.37551, 0.460083, -0.947339, 0.908744, -0.0473645, -1.14303	0
Q02205	1.31582, 0.11098, -0.747772, 0.274094, 0.307512, -1.64075, 0.449141, 0.42979, -1.96528, 0.0898803, -0.581064, 0.390294, -0.0560769, -0.199148, 0.65797	0
P38691	-0.414595, 0.00660541, -0.47969, 0.0612946, -0.391278, 0.296084, 0.366607, -0.229391, 0.464128, 0.338587, -0.431037, -1.31024, 1.0675, 0.647381, -0.32948	0
P36117	-0.413773, 0.636929, 0.00365945, -0.331674, -1.78762, -0.448141, 0.359307, -1.53261, 0.158302, 0.155303, 1.19573, 1.05922, -0.12652, 0.828909, 0.615387	0
P13663	1.31651, -0.652778, -0.245833, -1.36843, 0.173151, -0.147068, -1.04263, 0.989038, -0.00770289, -0.126137, 0.0947471, -0.429934, -0.0369528, 0.226048, -0.237789	0
Q08921	0.487317, 0.256702, -0.0397121, 0.148143, -0.570418, -0.715824, 0.569623, -0.337866, -0.894523, -0.964393, 0.0270289, -0.810982, 0.612619, 1.20134, 0.347757	0
P32895	0.445523, -2.04387, -1.6167, -1.17624, 0.611858, -1.09834, -0.96904, 0.818973, -1.1575, -1.25477, -0.717705, -0.108247, -0.455126, 2.19706, 0.302135	0
Q03758	-0.00172491, 0.257115, 0.83403, -1.06302, -0.0580786, -0.079228, -0.0991844, 0.982329, -0.204699, 0.219724, -0.246018, -1.91554, 0.750788, 0.457941, -1.08798	0
P38873	-0.919171, 0.0479864, 0.113361, 0.0995224, 1.26802, 0.466241, -0.0293606, 0.972042, 0.275882, 0.550747, 0.34641, -1.36226, -0.412072, -0.51619, -1.46935	0
P41948	0.312577, 0.925266, 1.293, 0.204199, 0.774861, 0.647538, -0.0476951, 0.780448, 0.606806, 1.08658, -1.23663, 0.654119, -2.0386, -4.00535, -1.9473	1
Q02831	0.611973, -0.325463, -1.0784, 0.991818, 1.15619, -0.80346, 1.1234, 1.11645, -0.754684, 0.374119, -1.71358, -0.664774, 0.274052, -1.29846, -0.306348	0
P01120	0.363132, -0.174577, 0.391183, -0.588017, 0.881849, 0.164866, -0.750326, 0.766138, -0.0808291, 0.36898, 0.26244, -1.28001, 0.146788, -0.253255, -1.48081	0
Q06144	-0.838443, 1.40965, 1.58299, 2.1694, 0.903784, 1.819, 0.0426999, -0.556193, 0.239068, -1.03458, -1.56731, -0.0473935, -2.01208, -2.49788, -0.958582	1
P02994	0.0186971, 1.05032, 0.311453, -0.0441764, -0.871823, 0.304685, 0.0499308, -0.714248, 0.480998, -0.537235, 0.250516, -0.919875, 0.338412, 0.373235, -0.629624	0
P32600	-0.581893, 2.92336, 0.0402601, 0.960967, -0.343176, 0.735288, -0.604114, -1.12985, 0.867818, 0.19488, -1.89408, -0.334288, 0.465405, -1.61705, -0.409725	0
P16861	-0.976961, -0.706853, -0.276072, -0.578378, 0.622911, 0.474263, 0.406756, 1.42515, 1.04219, 0.851155, 0.181812, -1.02955, -0.0652648, -0.530281, -1.31527	0
Q00955	-0.898448, -0.294704, 0.916803, 0.724031, -1.66196, 1.64767, 0.28482, -2.2102, 1.08794, -0.917207, -0.223892, 0.56155, -0.324314, 0.473223, 0.711652	0
Q07807	0.362959, 1.36075, -0.370145, 1.14923, -0.171282, -1.0639, 1.07791, -0.646867, -1.01446, 0.222813, -0.144512, -0.0977713, -0.169597, -0.614573, -0.35614	0
P00830	-1.85416, -2.15469, 0.243737, 2.25948, -2.19552, -1.17573, 0.534619, -1.97587, -1.06525, -1.05584, 0.720329, 1.61947, -0.315094, -0.0577205, 0.330373	0
Q12502	0.495711, 1.16596, 1.71494, 1.38533, 1.11422, 1.87244, -0.316447, -0.529188, 0.425514, -1.88961, -2.45591, -0.40321, -1.87615, -2.72343, -0.400409	0
P10080	0.531835, 0.119027, 0.783283, 1.08145, -1.08061, 0.55726, 1.21678, -1.15315, 0.923502, -0.31931, -0.581048, -0.344801, -0.740866, -1.10298, -0.944739	0
Q12221	-0.230169, 1.80328, 0.377013, 1.35397, -1.03252, -0.748828, 1.168, -0.843831, -0.72739, -1.65241, 0.435744, 0.690915, -1.48422, 0.125912, 0.620552	0
P38699	1.5853, -0.395127, -1.54749, 1.68207, 0.656858, -1.26856, -0.131214, 0.582169, -1.31342, -1.06592, -1.31405, 0.571393, -2.6789, -1.29508, 0.55224	0
P18494	-0.740186, 0.123293, -1.14155, 0.482579, -0.154614, 0.206284, 0.376537, -0.0923613, -0.0333332, 0.105523, -0.409193, -0.707692, 1.10476, 0.743358, 0.195772	0
P05030	1.06917, 0.46201, -0.808474, 0.309751, -0.0711433, -0.381823, 0.385923, 0.0526746, -0.321243, 0.259038, -0.687346, -0.559447, 0.187125, -0.610195, -0.344366	0
Q12235	-2.10615, -1.45159, 1.38283, -2.02079, 1.19474, 0.992477, -1.70242, 2.48496, 0.269298, -3.48356, -1.64062, 1.52864, -2.58429, -0.651376, 1.8526	0
P53879	1.02809, -1.47399, -0.208311, -1.55848, 0.8111, -0.788362, -1.57887, 0.370452, -1.05179, 0.830611, 0.1221, 0.0995951, 1.11241, 0.592671, 0.364505	0
P40433	0.521217, -0.0425596, 0.183009, 0.242321, -0.395201, -1.09752, 1.18613, -0.239669, -0.640912, 1.67026, -1.11043, -0.814182, 1.50063, -1.23239, -0.897381	0
P19880	0.0897721, -0.24582, -0.324915, -0.0122215, -0.699508, 0.939193, -0.318571, -0.843545, 0.748201, -0.726994, 0.958123, 0.295415, -0.637986, 0.696041, -0.0931383	0
P46674	-0.810985, -0.216491, -0.650238, -0.242425, -0.305041, -0.147839, 1.68346, -0.459986, 0.258574, 0.843024, -0.0939325, -0.369449, 1.01055, 0.167132, -0.587513	0
P13712	0.176756, 0.594909, 1.36715, 0.9434, -0.419794, 1.34815, 0.907131, -1.04511, 0.820648, -2.36306, -0.769393, 0.289193, -1.5839, -0.773949, -0.761973	0
P32607	0.66532, -0.317024, 1.67979, -0.609612, 0.854557, 0.737028, -0.757221, 0.32778, 0.196127, -1.59769, -2.80877, -0.859578, 0.637115, 0.789349, -1.42975	0
Q06677	-0.838349, 0.332045, -0.853817, 1.67295, -1.11485, -0.666145, 1.37078, -1.19806, -0.626951, 0.17142, 0.161595, 0.981266, 0.159933, 0.164768, 0.87837	0
P04449	0.792512, -0.569211, -0.895483, 0.192525, 0.0594351, 0.220769, 0.216009, 0.27059, 0.303194, 0.61241, -0.323129, -0.260131, 0.0104876, -0.685937, -0.843243	1
P35056	-0.462378, -1.48404, 0.634538, -1.88853, 0.252146, -0.299805, -0.583415, 0.946605, -0.251606, 0.134664, 2.09919, 0.0383426, -0.341471, 1.28853, -0.48697	0
P11075	0.109484, 0.185289, 0.56005, -0.0217582, 0.00243894, 0.890596, -0.70083, -0.41548, 0.249108, -0.0998766, 0.553313, -0.885292, -0.179473, 0.241643, -1.27502	0
