P36008	0.0710532, -0.0963831, -1.16144, 0.0774319, -1.11539, 0.135063, 0.175715, 0.863205, -0.875866, 0.308474, -0.313893, 0.271313, 0.505798, -0.137377, 0.631996	0
P33300	-1.11536, 0.745018, 0.988474, 0.66869, 0.413709, -0.21707, -1.2955, 0.486582, 0.604783, 0.225874, 1.278, -1.97442, 0.342692, 0.979411, -1.35115	0
P32944	-0.313385, 0.914226, -0.676799, 0.219754, 0.0615915, 0.183757, -0.904067, 0.127671, -1.15388, 0.403065, 0.00466801, -0.702163, 0.754408, 0.722988, 0.411434	0
P06103	-1.84821, 1.14596, -0.711376, 1.11862, -0.366507, 0.482195, -1.92579, -0.0916409, -0.653974, -0.553394, 0.028228, 0.257508, 0.704468, 1.02454, 1.77412	0
P21957	0.6176, -0.413458, -0.162926, 0.0807351, -1.49088, -0.339116, 0.768205, -0.631752, -0.186834, -1.58734, 1.11064, 0.662824, -1.6845, 1.38865, 0.925951	0
Q06200	0.471929, -1.61693, -0.725387, -0.875391, 0.493551, 0.138411, 0.142408, -2.60134, 0.0343876, 0.178232, 0.196036, 1.78326, 0.0466713, 0.793034, 0.341513	0
P10591	0.107878, -1.10492, 0.198562, -0.493157, -0.35713, -0.41168, 2.15176, -0.40327, 0.282518, -0.214629, -0.266177, -0.135039, -0.328944, -0.50525, -0.198065	0
P53104	0.250769, 0.543838, -1.23706, 0.562529, 0.305896, -0.494844, -0.231863, 0.515434, -0.684379, -0.211261, -0.436914, -0.133125, 0.537889, 0.1604, -0.105449	0
P43565	0.445681, 0.528059, 1.23386, 0.137946, 0.585904, -0.0225492, -1.48031, -0.0673474, -0.478969, -2.33358, -1.82665, -1.84244, -1.46925, -2.1972, -1.76783	0
P32837	-0.718979, 0.760912, 1.08509, 0.629291, 0.390823, 0.997094, -1.07166, 0.370968, 0.771907, 0.337404, 1.49231, 0.417169, -2.49197, -1.50665, -1.64297	0
Q08920	-1.92169, 0.0271176, 1.02709, -4.35149, -1.10263, 0.389877, -1.78671, -0.707727, 1.11259, -0.938526, 0.421822, 1.58712, -0.104857, 2.37355, 1.99159	0
P36167	1.12299, -1.12204, 0.98903, -0.0866584, 0.0197322, 1.08355, 0.443876, -1.56815, 0.55914, 0.153016, 0.207401, -0.24354, -1.52668, -1.19795, -0.273756	0
P38738	0.212887, -0.593084, 0.212886, 0.355735, -0.321305, -1.57298, 0.55808, 0.0306912, 1.0346, 0.35667, 1.53414, -1.17195, 0.186659, 0.682407, -1.60059	0
P21965	0.189754, 0.617111, -0.347625, -0.916889, -0.923766, -0.0796537, 1.28112, 0.58121, -0.165647, 0.473281, -0.636373, -0.254966, -0.609228, -0.739439, 0.349277	0
P38427	0.993135, 0.461681, 2.04524, 0.366561, 0.506133, 0.214125, -0.0303171, -0.698329, 0.828111, -0.804692, -0.676086, -0.338, -1.73812, -1.85237, -0.891983	0
P33308	-1.04409, 0.924832, -1.95922, 1.01745, -1.35668, -2.16673, -0.493268, 1.39069, -0.639054, 0.245845, -0.520168, -1.01105, 0.624184, 0.167261, -0.911568	0
P46683	-1.84339, -1.17456, 0.838047, -0.759508, -2.41889, -1.52915, -1.5555, -1.53434, 0.504645, 0.741376, 2.03602, 1.59892, 0.752379, 1.45061, 2.10226	0
P38426	1.18399, 0.67381, 1.38365, -1.87711, -0.158326, 0.187484, 0.730372, -0.326484, -0.0965558, -1.01987, -0.45686, 0.582039, -0.734215, -1.2006, -0.607807	0
P0CX52	-2.70433, 0.79342, 0.187278, 0.39491, -0.773808, 1.30526, -2.22957, 0.493305, 0.732822, -1.60679, -0.556826, 2.4684, -1.22351, 0.0359959, 2.25037	0
P40395	-1.50141, 0.685588, -0.59998, 1.95717, -0.326423, -1.15443, -2.0629, 0.74776, 0.0218477, -0.370516, -0.122941, -1.80303, -0.584923, -0.0321112, -1.11439	0
P32505	0.00332539, 0.765933, 0.912064, 1.31863, -2.00471, 0.10584, -0.125124, -0.120435, 1.11312, 0.749042, -1.30911, -0.815694, 0.392626, -1.41779, -0.050036	0
P22579	0.124189, -0.787678, 1.49967, -3.47538, -0.814618, 1.2772, 0.629111, -0.197555, 1.93213, -1.63626, -1.48778, 2.37143, -1.8272, -1.07666, 0.908516	0
P32912	-1.87821, 0.510941, 2.05453, -1.77009, -0.934506, 1.14343, -1.9335, -0.572094, 1.29448, 2.41511, -1.50669, -0.161915, 2.05405, -1.32198, 0.766963	0
P05744	-0.897867, 0.197081, -1.28906, -1.31028, 1.9513, -1.10781, -0.799377, -0.476537, -0.961073, -0.120104, 0.596094, 0.944447, 0.852318, 0.804321, 1.01125	0
P38953	0.276643, -1.11996, -0.899027, -1.18305, 0.199013, 0.743136, -0.188585, -1.5951, -0.545764, 0.939345, 0.224393, 0.291423, 0.523736, 0.132025, 1.15259	0
Q12342	0.227681, 0.283021, 2.75656, -0.463055, 0.190054, -0.596349, 0.880727, 0.514338, 2.03858, -1.53618, -1.1834, -0.674814, -1.51774, -1.481, -1.34858	0
P25443	-0.80737, -1.84799, 1.92721, -0.149706, -0.767455, 1.7445, -0.808279, -1.35429, 2.17607, -1.42759, -2.64507, 2.44576, -1.24546, -2.05244, 2.32827	0
Q03900	-1.67308, -1.84037, 0.935771, -0.957356, -1.2548, 0.804151, -2.18248, -2.07104, 1.51091, -1.38366, 0.119031, 2.80454, -2.79184, -0.271694, 2.27007	0
P35187	-2.07464, 0.857109, -0.46838, 0.139394, 0.205381, -0.446246, -2.48667, 1.14133, -0.248027, 1.30071, 0.363406, 0.0391395, 1.66927, 0.575624, 0.376485	0
P34730	0.532646, -0.497454, -0.72212, -0.224152, -1.47285, 0.0866845, 1.00474, 0.0626078, -0.0230666, -0.198102, 1.0236, 0.658874, -1.02995, 0.156462, -0.167574	0
P25491	-0.900783, -0.314835, -0.222152, 0.282536, -0.951439, -1.70969, -0.507894, 1.07596, 0.593944, 1.564, 1.46912, -1.09804, 1.54548, 0.940617, -0.928019	0
P32784	0.407624, 0.0533021, -0.363629, -0.513145, 0.663174, 1.16447, -0.250006, -0.732243, -0.941584, 0.262603, 0.0746767, -0.235697, -0.218382, -0.0164887, -0.0953898	0
Q04149	-2.05471, 0.260118, 0.42973, -0.719347, 1.01941, 1.4436, -1.74784, 0.248467, 0.275487, -0.591932, 1.33694, -0.997241, -0.545948, 1.2102, -1.03497	0
P53100	0.596446, -2.6718, 0.63184, -1.72562, -0.500563, 0.135455, 0.991132, -2.11312, 1.41192, -1.41249, 0.866147, 0.494855, -1.36834, 0.184779, 0.322011	0
Q07963	0.0364954, -0.29678, 0.369991, 0.131856, 0.144904, 0.767231, 0.204439, -0.754141, -0.282863, -0.482581, -0.132998, -1.03358, 1.44453, 0.220122, -0.90999	0
P05750	0.723136, -0.889624, 0.19043, -0.0659912, -2.47279, -0.154052, 0.764401, -0.589058, 0.651203, 0.375392, -0.290897, 0.0122718, 0.532415, 0.36923, 0.161202	0
P32469	-0.190365, 0.82936, -0.944538, 0.635364, -0.378333, -0.877763, 0.43883, 1.87526, -0.214563, -0.620595, -1.10418, 0.183095, -0.200889, -0.966713, 0.313667	0
P35169	-1.7282, -1.20616, 0.756656, -2.07122, -1.14836, 0.897146, -2.32109, -0.120087, 1.0576, -1.73343, 1.26305, 2.36535, -3.16856, 1.34326, 1.9279	0
Q02821	-1.46986, -0.339953, -0.225012, -0.632184, 0.901676, 1.01248, -0.921287, -0.625235, -1.27443, -1.61838, 0.956353, 1.73952, -1.64977, 1.44122, 1.9099	0
P00445	0.704036, 0.50758, 0.648964, -0.88471, -1.87888, -0.481107, 1.25946, 0.960658, 1.31012, -1.03857, -1.89148, 0.566523, -0.660393, -0.935366, -0.0303727	0
Q06505	0.726669, -1.49366, 1.9821, 0.048382, -0.454286, 1.29158, -0.139206, -2.2724, 0.431743, 0.400061, -1.24869, 0.473582, -0.294029, -2.1133, 0.900642	0
P40079	-0.545713, 0.857581, 1.45674, 0.381999, -0.188417, 1.33127, -2.53059, -1.79642, -0.0133027, 0.0146959, -0.710238, -0.531319, 0.630781, 0.170976, 1.51879	0
P53599	-0.465585, 0.00557426, -0.734829, 0.0960544, 0.935017, 0.496997, -0.115693, 0.168757, -0.281288, 0.270953, 0.0368347, -1.01741, 0.651167, 0.508591, -0.880082	0
P32597	-0.0415131, 0.258826, 2.30299, 0.799161, 0.151775, 0.623425, -0.996755, -1.14215, -0.478889, -1.40181, 1.28147, -1.02987, -0.79573, 0.948662, -0.572848	0
Q12030	0.31377, 0.184821, -0.851533, 0.402698, -0.613547, -0.78459, 0.579694, 0.680086, -0.372568, 0.319079, 0.0057963, -0.172126, 0.333158, -0.182896, -0.482685	0
P23594	-0.468478, 0.576898, -1.93813, 0.668444, -0.83927, -0.977921, -1.9802, -1.1937, -1.40711, -1.51483, -1.42199, -1.19183, 1.47545, 1.89059, 1.5998	0
Q99299	-0.0810639, 0.00421222, -0.108916, 0.994247, 0.431456, -0.188251, -1.00257, -0.496863, -1.37824, 0.572531, 0.0145323, -0.682684, 0.76621, 0.114591, 0.796945	0
P36116	-1.59835, 0.182213, 0.650791, -0.0474425, 0.667219, -1.93081, -1.53459, 0.351664, 0.742737, 0.908485, 0.69262, -1.27859, 1.0251, 0.950127, -1.39941	0
P39524	-2.09582, 0.659587, 3.03296, 0.44161, -1.15382, 0.692112, -1.10361, 2.32332, 2.5161, -1.5147, -2.11284, 0.489078, -1.43806, -1.82389, -0.0754893	0
Q03323	1.08287, -0.110535, 0.439003, -1.27172, -0.307656, -0.165796, 1.02416, -0.609084, 0.666529, -1.82845, 1.5325, -0.0338091, -1.80101, 0.694031, -0.521531	0
P53331	0.113138, -2.97544, 0.53271, -2.08137, 1.07665, -1.82838, -0.175477, -2.48158, 0.913838, 1.2719, -0.213313, 0.862426, 1.89603, 0.594085, 1.20375	0
P15380	-1.73623, -0.192083, 1.6605, 0.243081, 1.1373, 0.587125, -1.89716, 0.701095, 2.18376, 0.829789, 1.17236, -1.13732, -1.45151, 0.28094, -1.88716	0
P53276	0.644668, -0.815584, 0.517775, -0.963774, -0.587893, 0.509264, 1.25528, 0.740302, 1.10325, -1.57709, 0.442934, -0.781821, -1.30258, 0.463772, -0.970567	0
P13186	0.79957, -0.2907, -0.81059, -0.110923, -0.330802, 0.106647, 0.910527, -0.260987, -0.346143, -0.235174, -0.0212178, 0.241969, -0.397626, -0.296306, -0.180183	0
Q08904	-0.613552, 0.453604, -0.738544, 0.42443, 0.362346, -0.964581, 0.596062, 0.445804, -1.54522, -0.5148, 0.183238, 0.721318, -0.653376, 0.225203, 0.657826	0
Q12196	-0.881234, 2.13719, 1.67551, -2.26221, -1.26455, 2.34262, -0.822757, -0.629311, 0.196189, -1.00006, 0.292845, 0.287025, -0.498082, -0.0576835, 0.292838	0
P00546	0.379048, -0.351485, -0.700169, -0.156033, -0.630282, 0.998697, 0.978006, -0.0100655, 0.381389, -0.0552703, -1.21628, 1.13703, -1.05273, -1.82635, 0.260648	0
P53897	0.928305, 1.03834, 1.7557, 0.522038, -0.436729, 0.927445, -0.327368, -1.23628, 0.836613, -2.09046, -1.80724, 0.694637, -1.57014, -1.44358, 0.302164	1
P53897	0.928305, 1.03834, 1.7557, 0.522038, -0.436729, 0.927445, -0.327368, -1.23628, 0.836613, -2.09046, -1.80724, 0.694637, -1.57014, -1.44358, 0.302164	1
P53897	0.928305, 1.03834, 1.7557, 0.522038, -0.436729, 0.927445, -0.327368, -1.23628, 0.836613, -2.09046, -1.80724, 0.694637, -1.57014, -1.44358, 0.302164	1
P53897	0.928305, 1.03834, 1.7557, 0.522038, -0.436729, 0.927445, -0.327368, -1.23628, 0.836613, -2.09046, -1.80724, 0.694637, -1.57014, -1.44358, 0.302164	1
P53897	0.928305, 1.03834, 1.7557, 0.522038, -0.436729, 0.927445, -0.327368, -1.23628, 0.836613, -2.09046, -1.80724, 0.694637, -1.57014, -1.44358, 0.302164	1
P53897	0.928305, 1.03834, 1.7557, 0.522038, -0.436729, 0.927445, -0.327368, -1.23628, 0.836613, -2.09046, -1.80724, 0.694637, -1.57014, -1.44358, 0.302164	1
P53897	0.928305, 1.03834, 1.7557, 0.522038, -0.436729, 0.927445, -0.327368, -1.23628, 0.836613, -2.09046, -1.80724, 0.694637, -1.57014, -1.44358, 0.302164	1
P53897	0.928305, 1.03834, 1.7557, 0.522038, -0.436729, 0.927445, -0.327368, -1.23628, 0.836613, -2.09046, -1.80724, 0.694637, -1.57014, -1.44358, 0.302164	1
P53897	0.928305, 1.03834, 1.7557, 0.522038, -0.436729, 0.927445, -0.327368, -1.23628, 0.836613, -2.09046, -1.80724, 0.694637, -1.57014, -1.44358, 0.302164	1
P53897	0.928305, 1.03834, 1.7557, 0.522038, -0.436729, 0.927445, -0.327368, -1.23628, 0.836613, -2.09046, -1.80724, 0.694637, -1.57014, -1.44358, 0.302164	1
Q05543	0.567022, -1.43207, -1.05319, -1.26684, 0.907498, -0.829916, 0.353312, -1.40409, -0.680119, -0.370571, 0.272672, 1.50802, 0.0132557, 0.365178, 1.43503	0
P39717	-1.50784, 1.10498, -0.490311, 1.05682, 0.72115, 0.177904, -1.33759, 0.419396, -0.714497, 0.767756, -0.33455, -0.153957, 0.885338, -0.0448083, -0.333909	0
P35844	-0.0817981, -0.0816856, -1.3262, 0.492396, -0.0941836, -0.398549, -1.16825, 0.0410286, -1.39489, -0.28094, 0.95154, 0.834017, 0.111125, 1.15593, 1.11001	0
Q08235	-1.99468, 0.914328, 0.35235, 0.215827, -3.1081, 0.340414, -1.41743, 1.635, 0.887941, -1.16538, 1.08582, 1.26333, -0.266183, 0.715911, 1.10154	0
Q04178	0.111535, -0.118705, -0.750024, -0.0964145, -0.0131236, -0.540368, 0.189809, 0.0474797, -1.02936, -0.122373, 0.782164, -0.291082, 1.11168, 0.790931, -0.384621	0
P20484	0.656396, -0.251354, -1.45705, -1.23824, 0.324305, -1.01798, 0.899357, 0.38922, -0.404027, -0.986657, 0.112631, 0.755411, -0.438556, 0.308727, 0.787519	0
P29311	0.3374, -0.313093, -0.803451, -0.345994, -0.822391, -0.448426, 0.853019, 0.46593, 0.133748, 0.280319, 1.33711, -0.196953, -0.307638, 0.430562, -0.979851	0
P52553	1.12168, -1.32338, -0.399435, -1.70844, -1.17933, 0.164478, 0.645352, -0.866778, 0.00356479, -0.405921, -0.906805, 1.76508, -0.14612, -0.151158, 1.50587	0
Q08831	0.14029, 1.73222, -0.243091, 0.313654, -0.0243896, -1.34178, 0.227521, 1.59952, 0.713897, -0.576024, -1.92295, 0.0586596, -0.286351, -1.01663, -0.668661	0
Q12500	-1.595, 0.520545, -0.708657, 0.555414, 1.03913, 0.820064, -0.767202, 0.54942, -0.775927, 0.944537, 0.508103, 0.771185, -0.750236, -0.675603, -0.610932	0
P36002	-0.680843, 0.215901, -1.50964, -0.0695434, 0.948858, -0.495281, -0.445988, 0.645894, -1.14348, 0.523592, 0.120591, 0.139526, 0.608117, 0.392303, 0.357057	0
P32367	-1.05835, -1.14409, -1.44148, 1.79206, 0.188088, 0.341633, -0.482132, -0.404166, -0.891683, -0.400707, 0.574653, 1.27907, -0.36435, 0.330154, 1.07307	0
P0CX32	0.0919665, -2.90033, 1.61905, -1.89497, -2.11194, 0.0942149, 0.352178, -2.4497, 2.22522, -0.860435, 0.747549, 1.96652, -0.839591, 0.676394, 1.84064	0
Q08484	0.625244, 0.409268, -0.763463, 0.0613028, -0.211739, 0.285811, -0.10887, -0.361897, -1.09081, -0.363015, -0.0401001, -0.118838, 0.105489, 0.349626, 0.512172	0
P48813	0.972288, 0.238262, 1.11712, -0.606901, -0.68037, -0.0559336, 0.161556, -0.849277, 0.0776874, -0.12295, 0.313841, -1.80151, 0.0196456, 0.684391, 0.0463124	0
P40040	-0.0338965, 1.04164, 0.653397, 0.530224, -1.19118, -0.644892, 0.269294, 1.42933, 0.392334, 0.102888, 0.266122, -0.443511, -0.491867, -0.778435, -1.43501	0
P53859	0.402287, -0.394245, -0.988206, -0.532802, 0.223371, -0.642128, 0.963818, -0.0968802, -0.488935, 0.263504, 0.445642, -0.135917, 0.324451, -0.0339243, -0.260878	0
P34110	-4.16186, -0.294577, 1.68814, -0.603813, -0.558601, 1.80952, -1.73902, 0.107154, 1.58161, 0.0317079, 1.76184, 1.59059, -1.36924, 0.894182, 0.000678955	0
P28834	-2.43197, 0.230861, -0.654468, 0.429758, -1.97997, -1.36129, -1.58325, 1.14334, 0.0925906, 2.20107, -0.445196, 1.11887, 1.49831, -0.918069, 0.964401	0
Q12406	-1.66519, -1.33404, 2.08205, -3.16476, -2.2893, -1.14104, -2.04762, 0.330598, 2.84767, 1.36521, -1.48264, 1.75136, 1.41524, -0.672452, 1.59451	0
P38165	0.94054, -0.715968, -0.192015, -0.579764, -0.138003, -0.28384, 1.25266, -0.374953, -0.0272591, 0.266206, -0.561091, 0.0351734, -0.0946663, -0.53648, -0.484697	0
P36017	0.570426, -2.41062, 0.69231, -0.993546, 1.12072, 1.17642, 0.79072, -1.76916, 0.851496, 0.180274, -1.20407, 0.476002, -0.292053, -1.44095, -0.0077801	0
P17536	1.27197, -0.366261, 0.855871, -0.905504, -0.662447, -1.81459, 1.31527, 0.135807, 0.901551, 0.390526, -0.994275, 0.58337, -0.773224, -1.81577, -0.120647	0
P38321	0.0366181, 0.159927, -0.31127, 0.450185, 0.667577, 0.0711341, -0.669333, 0.777793, -1.01053, 0.819883, -0.260465, -0.518893, 0.326263, -0.612355, -0.412414	0
P29295	1.0721, -1.63731, -0.181394, -0.794835, 0.0388431, -0.0637186, 1.13188, -1.27186, -0.12514, -0.58886, 0.786605, 0.0937518, -0.450545, 0.438326, 0.132048	0
P33748	0.640256, -0.276512, -0.404013, -0.410187, 0.12077, -0.487467, 0.84054, 0.0312506, -0.557309, 0.384305, -0.211627, 0.153259, 0.326539, -0.550893, -0.731957	0
P41812	-0.0655825, -3.9604, 1.69165, -0.461942, -0.851923, 1.14887, 0.541379, -2.66935, 1.91992, -1.26939, 0.969197, 1.12545, -1.01326, 0.523941, 0.789538	0
P11484	-0.837043, 0.494195, -0.22319, 1.0152, -2.58514, 0.144249, -0.0814796, 0.873323, -0.0374092, -0.355328, 0.753553, 1.3863, -0.121228, -0.368667, -0.114717	0
P39077	-0.210209, -2.23166, 2.76734, -1.52019, 2.55327, -1.17905, -0.199853, -1.45502, 0.865136, -0.252476, 0.213693, -0.532426, 0.338644, 0.250338, -0.807569	0
Q12256	1.0026, -1.09068, 1.46274, -1.39751, -0.107247, 0.438142, 1.29699, -0.414707, 1.24797, -0.628106, -0.209556, -0.531941, -1.05886, -0.592893, -1.14291	0
P05694	-0.843936, -0.822875, -1.36349, -0.47178, -1.13727, 0.499094, -0.53951, -0.123948, -0.890893, 1.26926, 0.561601, 0.906537, 1.56236, 0.428005, 1.01737	0
P48510	-1.75448, -0.66617, 2.55734, 1.03795, -2.40835, 1.47688, -1.92108, -1.44339, 1.73876, -0.843757, -0.644294, 1.45746, -0.769829, -0.315064, 2.09821	0
P15108	-0.588017, 0.181565, -1.09221, 0.859211, -0.232294, -0.461137, -0.416853, 0.236179, -0.856246, 0.527054, 1.52457, 0.296519, 0.467178, 0.551326, -0.696096	0
P46944	0.160376, 0.131025, -0.575419, 0.487847, 0.0847557, -0.25766, 0.544088, 0.514265, -0.0822382, 0.121256, -0.15801, -0.84535, 0.182775, -0.0587461, -0.925242	0
P32561	0.303195, 0.470223, -0.417858, 0.191892, 0.459533, -0.619168, 0.311369, 0.551355, -0.301856, 0.290224, -0.274602, -0.659054, 0.296676, -0.403896, -0.945209	0
P51862	0.445311, -0.366995, -0.529228, 0.0286517, 0.371204, -0.849574, 0.607885, 0.227801, -0.546854, 0.38592, 0.369324, -0.586426, 0.221419, 0.118553, -0.645918	0
Q01855	-0.6636, 0.0486213, -1.26372, -0.260854, -1.23335, -0.169877, -0.455597, 0.259554, -0.712539, -1.3098, 0.508338, 1.8559, -0.88138, 0.872338, 2.61711	0
P38682	0.30357, 0.0486496, -0.112784, 0.566034, -1.85006, 0.499094, -0.503839, -0.683166, -0.753196, -0.569877, -0.676287, 2.01365, 0.150636, -0.0310471, 0.788877	0
P53179	0.746763, -1.14204, 0.805243, 0.0101406, 1.16524, -0.0715689, 0.713093, -1.13128, 0.773844, -0.361698, -0.113437, -1.22939, -0.506841, -0.149259, -0.900094	0
Q03048	-2.01637, -1.9175, 2.15921, -0.767973, -2.30173, 0.451772, -2.12855, -1.88556, 1.86597, -1.1105, -0.498297, 2.09007, 0.0861945, -0.105105, 2.94329	0
P19158	0.154053, 0.596443, 0.435809, 0.298205, 0.765978, -0.0604919, -0.386702, 1.03455, -0.957778, -0.644095, -1.05808, -1.14839, 0.0775707, 0.0714807, -0.0877939	0
P40150	-0.808181, 0.611003, -0.189775, 0.966065, -2.64438, 0.00611297, -0.174273, 0.965213, -0.0119255, -0.368567, 0.753113, 1.4013, -0.106232, -0.326966, -0.0880818	0
P05756	-0.333808, 0.0542747, -1.44045, 0.126077, -0.323438, -0.792336, -0.288442, -0.0846475, -0.999379, 0.918355, 0.481116, 0.335156, 1.26008, 0.701337, 0.35662	0
Q04949	0.206505, 0.0286306, -0.0381864, -1.86516, -0.283386, -1.14163, 1.56837, 0.224489, 0.357085, 0.17628, -0.964507, 0.097296, 0.539529, -0.814565, -0.514284	0
Q00711	-0.159625, -2.10557, -0.339578, -2.30497, -0.58455, -1.78638, -0.444113, -2.05979, -0.493538, 0.704023, 0.750292, 0.54596, 0.0224563, -0.0975393, 2.99412	0
P38801	-1.91831, -0.781777, -1.02511, -0.690565, -0.389751, 0.897665, -2.14753, -0.920112, -0.883486, -0.0251213, 1.10526, 1.25964, 0.56216, 1.22852, 1.74259	0
P21192	0.302064, 0.382605, -0.115945, 0.553662, 0.319486, -0.713201, 0.268094, 0.0231822, -0.321601, 0.442177, -0.088529, -0.963189, 0.261311, -0.00929504, -0.879182	0
P47061	1.1631, 0.364996, 0.283207, 0.30264, 0.626153, -1.00972, 0.607333, -0.377046, 0.0623804, -1.46587, -2.27031, 0.274563, -0.431635, -0.375045, 0.109238	0
P27472	0.416191, 0.484922, 0.102324, 0.519699, 0.204847, -0.108184, 0.187649, 0.185658, -0.41165, 0.417431, -0.32272, -0.499255, -0.0776169, -0.778327, -1.07422	0
P40825	0.96661, -1.14709, -0.367979, -0.987558, -1.22355, -0.320379, 1.09959, -0.591175, 0.250359, -1.74192, 1.46496, 0.750825, -1.27678, 1.07066, 0.776032	0
P53297	0.526317, 0.0214036, -0.950885, 0.134665, -0.266809, -0.0358312, 0.468242, -0.108691, -0.82827, -0.261629, 0.150807, 0.126217, 0.117763, 0.205922, -0.11499	0
P06244	-1.84748, -0.32446, 0.921861, -0.774695, -0.0775564, 2.22236, -1.34018, -0.689626, 0.00571014, 1.91283, -1.37682, 0.725541, 1.1951, -2.1758, 1.05834	0
P00924	-0.759506, -0.117381, -0.190371, 0.0283265, -1.36316, -0.556036, -0.380698, 0.218268, -0.0537943, 2.28581, 0.0938241, -0.443634, 2.04142, 0.141047, -0.459911	0
Q01448	1.24065, -0.649956, 0.642655, -0.159103, -0.897971, 0.633757, 0.419669, -0.945983, 0.303053, -0.0173537, -0.118156, -0.718341, -0.0342833, 0.0590291, -0.639952	0
P40327	-0.624868, 0.750869, -0.0558091, -2.2359, -0.603694, -1.58459, 0.320644, 2.43784, -0.746791, 0.164539, 0.615893, -0.0507046, 0.41903, 0.24861, 0.477734	0
P53312	-0.145115, -0.502334, 0.838583, 1.1166, -0.640259, -1.42264, -0.0630843, 0.446057, 2.33383, 0.762057, 0.806414, -1.50793, -0.0513528, -0.0852274, -1.86144	0
P15454	0.128469, 1.46422, 0.570557, 0.785642, -1.46343, -1.09874, 0.199638, 1.19206, 0.205787, -0.00875713, -1.08326, -0.22104, 0.237086, -1.2252, -0.404395	0
Q03833	0.210318, 0.192401, 0.653329, 0.787062, -0.860134, 1.20544, -0.56606, -0.8237, 0.327422, -0.893741, -2.09603, 2.29024, -1.31724, -2.08411, 1.06608	1
Q03833	0.210318, 0.192401, 0.653329, 0.787062, -0.860134, 1.20544, -0.56606, -0.8237, 0.327422, -0.893741, -2.09603, 2.29024, -1.31724, -2.08411, 1.06608	1
Q03833	0.210318, 0.192401, 0.653329, 0.787062, -0.860134, 1.20544, -0.56606, -0.8237, 0.327422, -0.893741, -2.09603, 2.29024, -1.31724, -2.08411, 1.06608	1
Q03833	0.210318, 0.192401, 0.653329, 0.787062, -0.860134, 1.20544, -0.56606, -0.8237, 0.327422, -0.893741, -2.09603, 2.29024, -1.31724, -2.08411, 1.06608	1
Q03833	0.210318, 0.192401, 0.653329, 0.787062, -0.860134, 1.20544, -0.56606, -0.8237, 0.327422, -0.893741, -2.09603, 2.29024, -1.31724, -2.08411, 1.06608	1
Q03833	0.210318, 0.192401, 0.653329, 0.787062, -0.860134, 1.20544, -0.56606, -0.8237, 0.327422, -0.893741, -2.09603, 2.29024, -1.31724, -2.08411, 1.06608	1
Q03833	0.210318, 0.192401, 0.653329, 0.787062, -0.860134, 1.20544, -0.56606, -0.8237, 0.327422, -0.893741, -2.09603, 2.29024, -1.31724, -2.08411, 1.06608	1
Q03833	0.210318, 0.192401, 0.653329, 0.787062, -0.860134, 1.20544, -0.56606, -0.8237, 0.327422, -0.893741, -2.09603, 2.29024, -1.31724, -2.08411, 1.06608	1
Q03833	0.210318, 0.192401, 0.653329, 0.787062, -0.860134, 1.20544, -0.56606, -0.8237, 0.327422, -0.893741, -2.09603, 2.29024, -1.31724, -2.08411, 1.06608	1
Q03833	0.210318, 0.192401, 0.653329, 0.787062, -0.860134, 1.20544, -0.56606, -0.8237, 0.327422, -0.893741, -2.09603, 2.29024, -1.31724, -2.08411, 1.06608	1
P06101	0.547874, -0.099396, 0.346041, 0.0409037, 0.543341, -1.60856, 0.847043, 0.693608, 0.557106, -0.300761, 0.220951, -1.16189, -0.675872, 0.159453, -1.11633	0
P53718	-0.466418, -0.247722, -0.590367, -0.402908, -0.551065, -1.18836, -1.05057, 2.196, -0.820999, 0.743875, 0.498377, -0.66563, 1.4494, 0.52419, 0.706225	0
P52917	-0.114083, -0.897825, -0.812313, 0.385554, -0.273857, 0.263106, -9.16102e-05, -0.735269, -0.867805, 0.947778, -0.877888, 0.198082, 1.65421, -0.363924, 0.715992	0
P36122	0.595378, -0.523053, 2.0646, -1.73088, -0.435271, 0.0475087, 0.839844, 0.0778821, 1.41637, -1.978, -2.41154, 1.66093, -1.62959, -2.51303, 0.695356	0
P12962	0.0616709, 0.734181, 0.194428, 0.205308, -0.426943, -1.25455, 0.980562, 1.27858, 0.26117, -1.03905, 0.534003, -0.283571, -0.724148, -0.048133, -1.291	0
P33122	1.24822, -0.0617581, 0.800156, 0.055433, 0.693695, -0.671803, -0.083445, 0.0240585, 0.658587, -0.974094, 0.0618427, -1.48823, -0.626273, 0.414632, -1.02155	0
P14020	-1.52106, -1.40326, -0.403125, -0.670386, 1.50326, 0.755678, -1.80213, -2.01822, -0.409327, -0.473303, -0.898734, 1.82441, -0.481374, -0.840095, 1.67833	0
P48362	-1.88392, 0.187054, 0.391769, 0.454923, 1.12842, 0.0464424, -1.93069, -0.0918447, 0.504552, 0.940648, 1.55129, -0.527662, -0.654494, 0.302561, -1.68963	0
P25644	0.280777, -0.3566, -1.30351, -0.101467, 0.0315227, -0.903979, 0.399445, 0.227129, -1.03624, 0.318629, -0.187265, 0.869439, 0.51021, 0.101814, 0.190214	0
P13434	-1.98583, -0.700926, 0.661845, -1.50093, 0.0450162, -0.608139, -1.94855, 0.823509, 1.34637, 0.513106, -0.538681, 0.174556, 3.40669, -1.40974, -0.997495	0
Q12416	-0.146635, 0.546606, -0.687149, 1.37803, 0.278578, -0.603272, 0.0133592, 0.0183384, 1.41064, 0.429501, -1.18403, -0.965989, 0.616522, -0.665313, -1.08541	0
Q06623	-2.43951, -2.68417, 3.92077, -1.89662, -1.65742, -1.39094, -2.23736, -1.50199, 1.21989, 0.396266, 0.89445, 0.6371, 0.448724, 0.984177, 0.986939	0
P33750	-1.7622, -1.6563, 0.655964, -1.13496, -1.67224, 0.879449, -1.41359, -1.03795, 1.34457, 2.3865, 1.64893, -0.408079, 1.70861, 1.89871, -0.117597	0
P47116	0.136711, 1.26991, 0.419176, 1.092, -0.16488, -0.249172, -0.48469, 0.680159, -0.826283, 0.0770649, -0.434006, -0.332055, -0.4403, -0.537807, -0.660556	0
P39956	0.577419, 0.946097, 0.155146, -0.419916, 0.5652, -0.096195, 0.18818, 0.334879, -0.0533361, 0.355895, -1.35363, -0.191119, 0.0545979, -1.17558, -1.08822	1
P39956	0.577419, 0.946097, 0.155146, -0.419916, 0.5652, -0.096195, 0.18818, 0.334879, -0.0533361, 0.355895, -1.35363, -0.191119, 0.0545979, -1.17558, -1.08822	1
P39956	0.577419, 0.946097, 0.155146, -0.419916, 0.5652, -0.096195, 0.18818, 0.334879, -0.0533361, 0.355895, -1.35363, -0.191119, 0.0545979, -1.17558, -1.08822	1
P39956	0.577419, 0.946097, 0.155146, -0.419916, 0.5652, -0.096195, 0.18818, 0.334879, -0.0533361, 0.355895, -1.35363, -0.191119, 0.0545979, -1.17558, -1.08822	1
P39956	0.577419, 0.946097, 0.155146, -0.419916, 0.5652, -0.096195, 0.18818, 0.334879, -0.0533361, 0.355895, -1.35363, -0.191119, 0.0545979, -1.17558, -1.08822	1
P39956	0.577419, 0.946097, 0.155146, -0.419916, 0.5652, -0.096195, 0.18818, 0.334879, -0.0533361, 0.355895, -1.35363, -0.191119, 0.0545979, -1.17558, -1.08822	1
P39956	0.577419, 0.946097, 0.155146, -0.419916, 0.5652, -0.096195, 0.18818, 0.334879, -0.0533361, 0.355895, -1.35363, -0.191119, 0.0545979, -1.17558, -1.08822	1
P39956	0.577419, 0.946097, 0.155146, -0.419916, 0.5652, -0.096195, 0.18818, 0.334879, -0.0533361, 0.355895, -1.35363, -0.191119, 0.0545979, -1.17558, -1.08822	1
P39956	0.577419, 0.946097, 0.155146, -0.419916, 0.5652, -0.096195, 0.18818, 0.334879, -0.0533361, 0.355895, -1.35363, -0.191119, 0.0545979, -1.17558, -1.08822	1
P39956	0.577419, 0.946097, 0.155146, -0.419916, 0.5652, -0.096195, 0.18818, 0.334879, -0.0533361, 0.355895, -1.35363, -0.191119, 0.0545979, -1.17558, -1.08822	1
P53741	0.412101, -0.88159, 1.22053, 0.302068, 0.81395, -0.522401, 0.907796, -0.0393582, 1.07649, -0.270287, 0.0618019, -0.917679, -1.21214, -0.564315, -1.70757	0
Q12301	-0.513801, -0.00862738, -0.99273, 0.18824, 0.650404, -1.31836, -0.119175, 0.226383, -0.505487, 1.69917, 1.02138, 0.0409106, 0.585467, -0.201286, -0.791921	0
P06102	0.659931, 0.235187, -0.435014, 0.466384, 0.804928, -0.577606, 0.00507875, -0.507539, -0.863877, -0.353127, -0.223563, -0.703436, -0.0866123, 0.0437095, 0.525485	0
P39001	0.766389, 0.363533, -0.427282, -0.0256776, 0.0359954, -0.324712, 0.652612, 0.213981, -0.294574, -0.144995, -0.460164, -0.496228, -0.0382973, -0.412411, -0.501459	0
P26754	-1.23034, 1.3736, -0.631394, 0.693795, -0.0429172, 0.527453, -1.54647, 0.250404, -0.189182, 0.204464, 1.64624, -0.623255, -0.41968, 1.38575, -0.440442	0
Q03880	-1.97385, -1.94637, 0.547286, -0.943051, 1.69821, -0.864069, -1.83281, -1.76671, -0.201268, 1.18753, 0.722369, -0.850658, 1.02212, 0.707578, 0.0388425	0
Q12114	0.565287, -0.320042, 0.552074, -0.493068, 0.223907, -1.27717, 1.12039, 0.432923, 0.668702, -0.616294, 0.607173, -1.00309, 0.0665482, -0.107405, -1.4391	0
P38736	0.782689, -0.0681022, -0.223502, -0.023753, 0.873135, -0.191876, 0.400789, -0.263451, -0.186448, 0.217935, -0.975532, -0.599735, 0.248825, -0.917756, -0.432875	0
P39954	-2.40894, 1.31484, 0.561279, 1.55391, -1.59282, 0.81332, -1.66453, 1.60158, 0.466512, -0.21243, -1.3334, 1.21823, -0.207863, -0.751838, 0.623649	0
P29366	0.669609, 0.0241051, -0.635527, 0.0164997, 0.0995121, -0.681121, 0.610819, -0.493712, -0.745514, 0.111143, -0.38049, -0.455524, 0.244953, 0.151904, 0.432706	0
P06245	0.295771, 1.45227, 0.243633, -1.89996, -1.13422, -2.69702, 0.0714295, 1.58499, 0.546451, 0.268532, 0.775617, 0.0366347, -0.202079, -0.356506, -0.301962	0
P20438	-1.13819, -0.950611, 1.03992, -0.284772, -0.90782, 1.49569, -2.19744, -2.37868, 0.274619, 0.380271, 0.189919, 0.016442, 0.926188, 1.26212, 2.49612	0
P38959	0.357284, 0.32661, -0.358593, -2.72586, -0.0822479, -0.448052, 1.16262, 0.695433, 0.378646, 0.17347, 0.0882489, 0.539542, -0.560428, 0.2176, -0.917001	0
P43132	-1.01933, 0.350099, -0.42408, -4.58573, -0.111497, -0.0650642, -0.185281, 0.722952, -0.138466, 0.533396, 0.81711, 1.243, 0.319857, 1.10351, 0.98444	0
P38260	-2.33125, 1.69374, -0.0228215, 0.187328, -0.102695, 0.799337, -1.61031, 1.49082, 0.0730895, -0.35364, 0.544731, -0.571237, -0.721329, -0.181286, -0.550674	0
P31384	0.405689, 0.202283, -0.703642, -0.657367, -0.330819, -3.44774, 0.764454, 0.555773, 0.358524, -0.41973, -0.632781, 0.371087, 0.612111, 0.822559, 0.897932	0
Q07468	-2.1797, 1.06559, -1.65934, -0.535071, -0.568969, -1.47898, -1.4945, 1.46833, -1.1319, 0.241828, 0.682541, -1.26207, 0.323539, 0.698732, -1.23201	0
P47079	-0.783808, 1.63758, -0.038365, 0.796431, -2.02387, 1.0059, -0.743433, 0.335021, -0.232318, -0.082026, -1.14467, 0.918555, -0.0221041, -0.815236, 0.842124	0
P22035	-0.519543, -0.0251342, -0.725851, 0.397659, -0.0766191, -0.636579, 0.744247, -1.26682, -0.773164, 0.0796449, -1.06037, 0.415694, 1.22547, -0.57594, 1.55832	0
P08678	1.0845, 0.367481, 0.0606216, -0.499071, 0.205788, -0.315473, 0.519186, 1.1406, 0.0370414, -0.944274, -0.696368, -0.20784, -0.989481, -0.433347, -0.819635	0
P34760	0.239618, 0.977298, -0.230422, -0.996469, -0.682208, -0.0866431, 0.669595, 1.07516, -0.44562, 0.225377, 0.0579388, -0.352199, -0.0614343, -0.636739, -0.476467	0
Q03795	-0.103603, -0.218555, 0.508603, 0.236983, 0.415479, -0.991585, 0.229332, 0.580568, 0.885938, 1.14507, -0.638797, -1.51051, 0.911626, -0.4683, -1.50995	0
Q06336	-0.323188, 1.08744, 0.314117, 0.303393, -0.361852, 0.180922, 0.288749, 1.00114, -0.907077, 0.437939, -0.400721, -0.699857, -0.596529, -0.654553, -0.258545	0
P33400	0.178229, 0.667608, -0.801482, 0.709808, -0.139611, 0.27608, -0.509522, -0.435923, -0.500766, -0.0581124, 0.705607, -0.833851, 0.329064, 0.554473, -0.155072	0
P07257	-1.92615, -0.276845, 0.453731, 0.746537, -1.91633, -0.451667, -1.84996, -0.177345, 0.20835, 1.69224, 0.639869, 0.00438894, 1.92964, 0.304578, -0.201486	0
P34164	0.601728, -2.30914, 1.6855, -1.85945, 0.352088, -1.20097, 1.0132, -1.82329, 1.4718, -0.618697, -0.579494, -1.00322, 0.473158, 0.262219, -1.07679	0
Q00362	0.902696, -0.757083, -0.95348, -0.636724, 0.528578, 0.489438, -0.483691, -1.36176, -0.847643, 0.0737531, 0.0521512, 0.820521, -0.483164, 0.271467, 1.24264	0
P12612	-2.24169, -2.46374, 1.38611, -1.07576, -1.1966, 1.40893, -1.71543, -1.72343, 1.54979, -0.89171, 0.0843668, 3.02484, -0.508624, 0.64513, 2.86349	0
Q06116	-2.26878, 0.262053, 2.07535, -0.887501, -0.575171, 3.27448, -1.10383, 0.221884, 1.42249, -0.52352, 0.328564, 0.25333, -0.646826, -0.940765, -1.01755	0
P40558	0.582955, -0.0565119, 0.250781, -0.625082, 0.439627, -0.830328, 1.2761, 0.619445, 0.936027, -1.0487, 0.307833, -0.90308, -1.02153, -0.11772, -1.16789	0
Q03785	-0.495626, -0.228068, 0.714569, 0.0877126, -0.251497, 1.55165, -1.51074, -1.95541, -1.1556, -0.321973, 0.151196, 0.992537, -0.618974, 0.328394, 2.16759	0
Q07896	-0.224878, 0.569587, -1.09782, -1.07458, 0.234916, 0.55236, 0.203405, 1.14721, 0.0292932, -0.900859, 1.25692, -0.430161, -0.814381, 0.993193, -0.809459	0
P38144	-0.577113, 0.181904, -0.269868, -0.381991, 0.951782, -0.735557, -0.681975, -0.0106049, -1.37454, 1.77793, 1.0017, 0.252301, 0.556178, -0.169838, -0.492887	0
Q08981	0.643704, -0.121544, -0.608614, 0.636927, 0.417838, -0.799585, 0.467965, -0.534798, -0.260706, 0.35692, -1.09615, -0.37213, 0.494187, -0.318379, -0.0804089	0
P38889	-2.44571, 1.83167, 1.20259, -1.46347, 0.194726, 2.01444, -2.36796, -0.0449856, -0.0211323, -0.871774, -0.0562151, 0.731089, -0.684205, -0.059168, 1.97369	0
P38075	-1.13917, 0.265898, -0.801481, 1.10674, 0.188611, 0.188266, -0.800462, 0.757234, -0.495471, 0.914764, 0.222958, -0.622539, 0.880475, 0.263644, -0.644931	0
P11938	0.205402, 0.822258, 0.0769446, 0.466944, -0.762255, -0.696458, 0.365613, 0.206951, 0.175927, -0.568466, 1.24485, -0.817629, -0.5419, 0.987098, -1.21228	0
P15274	-0.277104, 0.0303066, -1.1368, 0.275514, 0.340896, -1.5232, 0.18288, 0.523332, -0.877812, 0.0919304, -0.976048, 0.161963, 1.11992, -0.789109, 1.62651	0
P40986	-2.05319, -0.366202, -0.613375, 0.01745, 1.90566, 0.346379, -1.65207, 0.110295, -0.980493, 0.686829, 0.675518, 0.0772412, 0.572252, 0.685737, 0.688419	0
P25333	-0.190233, -1.22836, 0.258221, 2.06116, -0.0721569, 0.11002, -0.178237, -1.43405, -0.719044, 0.572723, -0.970477, -0.125222, 0.524574, -0.444393, 0.918348	0
Q12329	-0.804891, 0.909314, 0.606327, 0.880303, 1.07193, -0.0300033, -1.00237, 0.886588, -0.0276949, 0.462334, -0.229377, -0.978847, 0.423292, -1.08923, -1.28873	0
P53152	-2.35431, -0.651082, 3.59026, -1.38047, -1.02183, -3.97047, -1.90257, 0.366975, 3.052, 0.602424, -0.424109, 0.438488, 0.261606, -0.276864, 0.528463	0
P10961	0.395731, -1.4845, 1.24635, 0.413756, -0.441892, 0.401846, 0.675286, -1.10986, 0.325298, 0.0177288, -0.0977003, -1.543, 0.759399, 0.0786811, -0.474896	0
Q06324	-0.106123, 0.0109133, -0.317084, -0.924403, -0.86459, -0.0721363, -0.873471, -0.99951, -1.29732, 0.897682, 0.671189, -0.0616933, 0.967158, 0.96256, 2.02848	0
P17106	0.467489, 0.192742, 0.439798, 0.403712, 0.224428, -0.347961, 0.611284, 0.376812, 0.279883, -0.0753594, 0.0580389, -0.775398, -0.411055, -0.874031, -1.49883	0
P33338	0.677844, -0.161005, 0.179691, 0.41946, -0.163641, -0.808213, 0.868486, 0.409511, 0.194976, -0.816052, -0.477349, -1.02569, 0.211846, 0.278475, -0.859636	0
P32562	-0.142031, 0.64199, -0.957827, -1.10417, 0.558251, -0.722044, -0.854974, 0.15792, -1.35562, 0.320172, 0.964488, -0.302278, 0.805047, 0.911982, 1.009	0
Q12318	-1.73275, -0.725581, -1.63281, -0.871446, 0.0369879, -3.50684, -2.38883, -0.27575, -2.14753, 1.83695, 1.24532, -0.884386, 1.08406, 1.03609, 0.345016	0
P38770	-0.704904, 1.56288, 0.57837, 0.991914, -0.390342, -0.1668, -1.96773, 0.527194, -1.04667, 0.632071, -0.827707, -0.348068, 0.537678, -0.43973, 1.14596	0
P16664	-0.856522, 0.0737842, -1.35233, 0.629683, 0.337858, -1.04632, -0.603231, 0.345992, -1.09956, 0.254194, 1.15844, -0.158187, 0.618148, 1.4042, 0.495029	0
P25632	-1.90955, 0.395596, -0.93695, 2.1575, -0.126871, -0.157351, -1.19482, 0.433413, -0.638078, 0.152343, 0.892472, 1.26302, -0.111493, 0.0635639, 0.00594349	0
P04840	-0.212287, 0.430467, 0.772897, 0.322759, -0.904449, 0.991591, -0.285923, -1.14345, -1.33386, 0.554575, 0.886815, 0.538619, -0.998735, 0.401089, -0.104339	0
Q12494	0.875449, 0.326485, -0.108698, -0.551742, -0.166547, -0.235378, 0.32614, -0.779876, -0.612044, -1.27735, -0.671075, -0.741714, 0.729577, 1.02324, 0.78594	0
Q01477	-0.0528111, 0.608718, -0.0570461, 0.202419, 1.10949, -0.437694, -0.325848, 0.221575, -0.104914, 0.767662, 0.00130129, -0.683512, 0.0121746, -0.0823115, -1.53323	0
P07278	0.410574, 0.37683, 0.368906, 0.571296, -0.0240931, -0.967273, 0.563536, 0.707922, 0.366179, 0.295984, -0.498661, -0.804314, -0.0177107, -0.914796, -1.3267	0
P32771	0.832765, -1.81026, 1.93427, -1.73804, -0.35506, -0.359429, 0.58928, -1.64214, 3.16882, -0.979234, -0.450039, -0.99614, -1.28656, 0.0933249, -0.978593	0
Q99332	-0.258876, -0.906953, 1.55, 0.463723, -1.32747, -0.0481024, -1.10685, -2.22523, -0.524502, -1.4293, -0.229987, 0.613248, 0.179016, 1.98325, 2.67542	0
Q12163	0.727052, -0.313783, -0.334958, 0.172857, -1.53005, -1.96263, 1.02856, -0.193847, 0.0748891, 0.426909, -0.368479, 0.485387, 0.33146, -0.286747, 0.652099	0
P11792	0.845327, 0.000796498, -0.350892, -1.61557, -1.57931, -0.81785, 0.692011, -0.102262, -0.125479, 0.153956, -0.7498, 0.409515, 0.953581, 0.995521, 0.412606	0
P32504	-1.95665, 0.538816, 0.117388, -0.623858, 0.474992, -1.08846, -2.4688, -0.365016, -0.374339, 1.91367, 1.11835, -0.11898, 1.70829, 1.58976, 0.749913	0
P47031	-0.081701, 0.6535, -0.933297, 0.28832, -0.155973, 0.137688, 0.434846, 1.33572, -0.485631, -1.10322, 0.305166, 0.248476, -1.35963, 0.079968, -0.268508	0
P25390	0.226431, 0.222287, 0.0130842, 0.83149, -0.492563, 1.22582, -0.385104, -0.250587, -0.334244, -1.98895, -1.51798, 0.377132, -1.55128, -1.65033, 0.889752	0
P19882	-1.84709, -1.67635, 1.16834, -1.97249, 0.959948, -0.366989, -2.16574, -1.17126, 0.340549, -0.00425388, 4.51739, 0.704243, 1.78533, -0.602129, 0.897799	0
P17123	0.253244, 1.26398, 0.371515, -0.725534, -0.441168, 0.471206, -1.02101, -0.519338, -1.07083, 0.455265, -0.283642, -0.947558, 0.749353, 0.252855, 1.04816	0
Q9P305	0.861782, -0.240573, 1.64672, 0.0681768, 0.0203112, 0.935822, 0.731588, -0.939495, 0.595113, -1.25589, -0.862344, 0.121659, -1.356, -1.19802, -0.956307	1
Q9P305	0.861782, -0.240573, 1.64672, 0.0681768, 0.0203112, 0.935822, 0.731588, -0.939495, 0.595113, -1.25589, -0.862344, 0.121659, -1.356, -1.19802, -0.956307	1
Q9P305	0.861782, -0.240573, 1.64672, 0.0681768, 0.0203112, 0.935822, 0.731588, -0.939495, 0.595113, -1.25589, -0.862344, 0.121659, -1.356, -1.19802, -0.956307	1
Q9P305	0.861782, -0.240573, 1.64672, 0.0681768, 0.0203112, 0.935822, 0.731588, -0.939495, 0.595113, -1.25589, -0.862344, 0.121659, -1.356, -1.19802, -0.956307	1
Q9P305	0.861782, -0.240573, 1.64672, 0.0681768, 0.0203112, 0.935822, 0.731588, -0.939495, 0.595113, -1.25589, -0.862344, 0.121659, -1.356, -1.19802, -0.956307	1
Q9P305	0.861782, -0.240573, 1.64672, 0.0681768, 0.0203112, 0.935822, 0.731588, -0.939495, 0.595113, -1.25589, -0.862344, 0.121659, -1.356, -1.19802, -0.956307	1
Q9P305	0.861782, -0.240573, 1.64672, 0.0681768, 0.0203112, 0.935822, 0.731588, -0.939495, 0.595113, -1.25589, -0.862344, 0.121659, -1.356, -1.19802, -0.956307	1
Q9P305	0.861782, -0.240573, 1.64672, 0.0681768, 0.0203112, 0.935822, 0.731588, -0.939495, 0.595113, -1.25589, -0.862344, 0.121659, -1.356, -1.19802, -0.956307	1
Q9P305	0.861782, -0.240573, 1.64672, 0.0681768, 0.0203112, 0.935822, 0.731588, -0.939495, 0.595113, -1.25589, -0.862344, 0.121659, -1.356, -1.19802, -0.956307	1
Q9P305	0.861782, -0.240573, 1.64672, 0.0681768, 0.0203112, 0.935822, 0.731588, -0.939495, 0.595113, -1.25589, -0.862344, 0.121659, -1.356, -1.19802, -0.956307	1
Q12454	0.482582, -0.594853, -0.247475, -0.637558, -0.827864, 0.0104879, 1.31695, -0.792942, -0.336734, -0.53259, -1.11784, 1.61243, -0.478791, -1.07356, 1.16276	0
P25587	0.372191, -1.49536, -0.188248, -1.21757, 0.367311, 1.88037, 0.662871, -1.60086, 0.177602, -1.26715, -0.43922, 1.35219, -1.36899, -0.181037, 0.903452	0
P15436	-0.785399, 0.042655, -1.43647, 1.2379, -1.7764, -0.347905, 0.121426, 0.382387, -0.0302809, 0.728332, -0.0497957, 0.628721, 0.590792, -0.0299302, 0.567106	0
P33749	0.522223, 0.952604, 1.0677, 0.784426, -0.161089, 0.836655, -0.146696, -0.349766, -0.481571, -0.299926, -1.17275, 0.0998856, -1.09665, -1.62247, -0.209382	0
P38873	-0.874355, 0.524865, -0.535242, 0.52645, 1.51011, 0.968141, -0.676154, 0.368476, -0.547843, -1.09994, -0.508336, 1.27455, -2.21374, 0.100539, 0.0193633	0
Q05919	-1.72508, -1.07243, -0.575699, -0.118059, 0.946687, 0.0581422, -1.44061, -1.17737, -0.738849, 1.23685, 0.860551, -0.0828299, 1.24594, 1.0123, 0.678229	0
P39960	0.492155, -0.174387, -0.445232, -0.583787, 0.21978, 0.423928, 0.682095, 0.223251, -0.228928, 0.242663, -0.690915, -0.761329, 0.309083, -0.254687, -0.534898	0
P01120	0.71402, -0.358666, -0.359158, -0.843194, 0.616274, 0.0546508, 1.27707, 0.282974, 0.516694, -1.17312, -0.765918, 1.09099, -1.65133, -1.44969, -0.276479	0
P17967	-0.451993, -0.777508, 0.650283, 2.93717, -0.828032, 0.159383, -0.483214, -0.627043, 0.304735, 0.19907, -1.78732, 0.440489, 0.50786, -1.7575, 0.44085	0
P27344	0.616763, -0.117619, -0.248865, -0.235047, 0.806842, -1.83276, 1.00564, 0.691811, 0.515804, -0.703505, 0.138854, -0.571295, -0.485802, 0.0438932, -0.92631	0
P32454	0.190758, -0.92915, 0.941738, -0.74828, 0.388361, -0.240532, 0.481464, -0.191166, 1.3723, 0.331183, 0.566631, -1.47513, 0.250372, 0.660785, -2.06755	0
P40458	-1.42312, -1.36542, 0.883722, 0.667857, -1.15434, 0.503601, -2.16233, -1.7189, 0.581976, 1.04216, 0.0983239, -0.364759, 2.17295, -0.865147, -0.254098	0
P53851	-1.98425, -1.90723, 2.28782, -2.17155, -1.58182, 1.15302, -1.97914, -0.534286, 2.0301, -2.66496, -1.91813, 1.93909, -1.34593, -0.978038, 2.65973	0
P34244	-0.00221556, 0.0935264, -0.593956, 0.420599, 0.189991, 0.642937, -0.359777, -0.565571, -1.42273, -0.208418, 0.120087, -0.256292, -0.176007, 0.80465, 0.800489	0
P40468	-0.727919, 0.179906, -0.693075, 0.399831, 0.885562, -0.181786, -0.763964, -0.17913, -1.69913, 0.259108, 0.494006, 0.111129, 0.375103, 0.986561, 0.416876	0
P38071	-0.352877, -1.35946, 1.28635, 2.27647, -1.22994, 1.41028, -0.123355, -1.65836, 0.657995, -1.02733, 0.474941, 0.692724, -1.7768, -0.167429, 0.0738425	0
P38344	-1.42245, 1.08828, 0.0676913, -0.850494, 0.690639, 0.522256, 0.685289, -1.36554, -1.03677, -0.500879, 0.569977, -0.0128732, 0.55035, 0.553571, 0.00193843	0
Q12172	-0.495429, -0.783074, 0.0090185, -2.21778, -2.29448, 1.59103, -0.130615, 0.1507, -0.0686751, -0.912587, 1.72781, 1.86049, -0.730033, 0.772198, 1.08427	0
P25366	0.686254, 0.58656, 0.176881, -0.826084, 0.448616, -0.565429, 0.334148, 0.655489, 0.654022, -0.173727, -0.377172, -0.919928, 0.22455, -0.146952, -1.62283	0
P38255	-1.77842, -0.412318, -1.1205, -0.151283, 1.38469, 0.860167, -0.957338, -0.395646, -0.756052, 0.7786, 1.50316, 0.345116, -0.13975, 1.14388, -0.050252	0
P14680	0.378667, 1.12044, 0.895817, -0.438547, 0.386188, -0.820884, 0.568051, 0.934659, 0.389296, -0.00405516, -1.2193, -0.803983, -0.127787, -1.48527, -1.07662	0
P47114	-3.30011, 0.0133631, 0.374611, 0.2018, 0.546195, 0.342594, -2.43335, -0.12233, 0.167657, 1.44711, 1.19859, 0.145981, 1.52511, 0.953752, 0.188775	0
P32589	-0.805928, 0.0940367, 0.184656, 0.422101, -1.15047, 1.77101, -0.23794, -1.09003, 0.173554, 1.28476, -1.80439, 0.839416, -0.175338, -2.02557, 1.44247	0
P50111	-0.645876, -2.97359, -0.0554297, -0.51418, 1.33472, 0.69094, 0.570829, -2.17309, 0.60465, 0.706901, 0.647404, 0.0164754, 0.650742, 0.516229, -0.364218	0
P18494	-0.927733, -0.0652902, -1.56239, 0.254403, -0.316275, 0.0217372, -0.195006, 0.474838, -1.21932, 0.0993313, 0.504051, 0.263469, 0.956099, 0.753748, 0.804489	0
Q08723	0.36166, 0.324374, 0.316381, 0.327741, 0.520727, 0.157645, 0.549354, 0.412435, 0.394859, -0.486722, -2.80764, 0.464724, -0.606141, -2.69088, 0.374985	0
P02992	-1.58233, -0.292917, 1.41286, 1.29235, -2.88983, -1.33213, -0.393001, 0.447414, 0.673663, 1.90344, 1.18993, 0.667385, -0.0225765, -0.0286077, -0.319315	0
Q12276	0.249973, 0.00463671, -0.398433, -0.0478324, 1.16531, 0.258876, 0.641987, 0.269107, -0.39232, -0.51406, -0.0933534, 0.48642, -1.44733, -1.29618, -0.503682	0
P14682	-1.79598, 0.0774281, -0.306228, -0.205671, 1.66383, -0.186565, -2.06248, 0.00950264, -0.456662, 1.46648, 1.04495, -0.462891, 0.82569, 1.07531, 0.0132268	0
P46674	-0.385934, 0.449829, -0.307234, 0.388168, 0.166204, 0.434095, -0.54337, -0.0860932, -1.58316, 0.472827, -0.768672, -0.117604, 0.857845, 0.0785336, 0.48624	0
P53236	-0.373183, 1.68722, -0.0271918, 0.365481, -0.334447, 0.258917, -0.750743, 0.83484, -0.130701, -0.872375, -2.48726, 2.00912, -0.486097, -2.14264, 0.817901	0
P42846	0.178361, 0.727545, -1.02978, 0.134114, -1.52987, -0.0729805, 0.39651, 0.691544, -0.259538, -0.648516, -1.30363, 1.16014, -0.188522, -0.585391, 1.06582	0
P04147	1.03328, -0.693714, -0.563491, -0.369165, -0.495195, 0.481678, 0.464291, -0.855996, -0.323636, 0.0911371, 0.317039, -0.456743, 0.0776815, 0.174703, 0.234413	0
P32607	0.299338, -1.91428, 0.595857, -2.1284, -0.381015, -0.329349, 1.63358, -0.708348, 1.47404, -2.38009, -1.37752, 0.709826, -1.20879, 0.225136, 2.62919	0
P38250	0.923652, -0.675235, 0.0554834, -0.404274, -0.253598, 0.121615, 1.52267, -0.193567, 0.323446, -0.755677, -0.55705, 0.112181, -1.00975, -0.695299, -0.370176	0
Q08965	0.275641, -0.0229287, -0.795448, -0.417497, 0.207012, -0.847667, 0.50957, 0.472779, -0.276217, -0.0459638, 0.755817, -0.696359, 0.322215, 0.981591, -0.851293	0
P36114	0.713946, -0.058246, -0.00421246, -0.208727, 0.287441, -0.474777, 1.17089, 0.658591, -0.387389, -0.883605, -0.521148, 0.330851, -1.15387, -0.999174, -0.30457	0
P05986	0.496477, -0.125531, -0.178985, -0.304352, -0.346023, -0.901323, 1.17887, 0.626614, 0.125139, 0.279998, -0.04973, -0.398784, 0.206241, -0.75937, -0.916469	0
P22204	0.0911293, 1.32905, 1.46065, -0.430955, -1.49465, 1.96678, -1.01114, -0.612576, 0.890103, -1.95841, -0.630936, 0.536287, -2.24903, -0.883756, 1.80681	0
P46655	-2.02388, -1.63111, 0.489494, -4.56341, 0.702921, 0.190922, -1.99155, -1.18134, 0.886634, 0.451683, 1.26933, 1.56527, 0.643787, 1.4631, 1.32382	0
Q12382	-0.844751, 1.24415, 0.957081, -0.042008, -0.672886, -1.49853, -0.160825, 1.90518, 1.62423, 0.676826, -0.515288, -1.45389, 0.743708, -0.638146, -1.39355	0
