P10659	37.0, 15.0, 5.0, 34.0, 5.0, 16.0, 23.0, 32.0, 8.0, 28.0, 27.0, 27.0, 7.0, 12.0, 16.0, 21.0, 25.0, 4.0, 14.0, 26.0	0
P07259	175.0, 103.0, 109.0, 126.0, 23.0, 60.0, 150.0, 132.0, 44.0, 145.0, 204.0, 127.0, 47.0, 84.0, 104.0, 168.0, 128.0, 14.0, 80.0, 191.0	0
Q12224	32.0, 23.0, 103.0, 32.0, 1.0, 37.0, 18.0, 36.0, 14.0, 30.0, 35.0, 38.0, 15.0, 24.0, 55.0, 109.0, 40.0, 1.0, 15.0, 18.0	0
P32608	40.0, 39.0, 16.0, 28.0, 10.0, 17.0, 45.0, 45.0, 13.0, 48.0, 48.0, 37.0, 9.0, 18.0, 22.0, 49.0, 29.0, 6.0, 23.0, 46.0	0
P22214	8.0, 7.0, 11.0, 13.0, 2.0, 12.0, 13.0, 5.0, 2.0, 13.0, 21.0, 19.0, 6.0, 16.0, 8.0, 22.0, 8.0, 2.0, 12.0, 14.0	1
Q08817	49.0, 24.0, 67.0, 32.0, 9.0, 31.0, 47.0, 23.0, 19.0, 61.0, 80.0, 54.0, 18.0, 19.0, 33.0, 103.0, 62.0, 4.0, 17.0, 39.0	0
P50947	23.0, 21.0, 29.0, 19.0, 8.0, 8.0, 24.0, 17.0, 13.0, 13.0, 29.0, 23.0, 9.0, 5.0, 13.0, 31.0, 20.0, 2.0, 10.0, 13.0	1
P32598	12.0, 19.0, 13.0, 25.0, 12.0, 14.0, 20.0, 21.0, 4.0, 24.0, 33.0, 19.0, 7.0, 18.0, 16.0, 18.0, 6.0, 3.0, 13.0, 15.0	0
P53236	38.0, 48.0, 76.0, 60.0, 9.0, 34.0, 63.0, 29.0, 19.0, 63.0, 74.0, 65.0, 19.0, 41.0, 74.0, 73.0, 58.0, 8.0, 36.0, 41.0	0
P23201	76.0, 50.0, 98.0, 103.0, 5.0, 62.0, 145.0, 52.0, 25.0, 95.0, 102.0, 139.0, 32.0, 32.0, 85.0, 173.0, 88.0, 4.0, 22.0, 78.0	0
P33329	35.0, 53.0, 51.0, 47.0, 13.0, 15.0, 27.0, 45.0, 19.0, 23.0, 62.0, 43.0, 14.0, 25.0, 41.0, 103.0, 39.0, 4.0, 19.0, 32.0	0
Q12306	6.0, 6.0, 3.0, 9.0, 0.0, 5.0, 12.0, 5.0, 2.0, 8.0, 6.0, 9.0, 4.0, 4.0, 5.0, 6.0, 5.0, 0.0, 2.0, 4.0	0
P40073	29.0, 18.0, 33.0, 24.0, 2.0, 13.0, 13.0, 21.0, 6.0, 33.0, 21.0, 12.0, 6.0, 17.0, 16.0, 37.0, 27.0, 7.0, 19.0, 13.0	0
P33336	46.0, 30.0, 67.0, 54.0, 6.0, 27.0, 39.0, 52.0, 17.0, 35.0, 53.0, 22.0, 15.0, 36.0, 43.0, 93.0, 48.0, 14.0, 45.0, 29.0	1
Q04418	20.0, 14.0, 24.0, 45.0, 4.0, 20.0, 40.0, 23.0, 10.0, 30.0, 38.0, 45.0, 8.0, 14.0, 18.0, 29.0, 19.0, 6.0, 12.0, 20.0	0
P53064	28.0, 45.0, 30.0, 54.0, 2.0, 27.0, 70.0, 24.0, 9.0, 13.0, 38.0, 59.0, 13.0, 23.0, 11.0, 37.0, 25.0, 1.0, 25.0, 24.0	0
P32566	29.0, 14.0, 39.0, 41.0, 1.0, 29.0, 53.0, 25.0, 13.0, 21.0, 30.0, 36.0, 10.0, 19.0, 23.0, 42.0, 29.0, 8.0, 11.0, 32.0	0
P22579	86.0, 57.0, 90.0, 96.0, 9.0, 116.0, 120.0, 59.0, 47.0, 95.0, 122.0, 105.0, 24.0, 61.0, 98.0, 132.0, 87.0, 14.0, 49.0, 69.0	1
P36047	4.0, 8.0, 35.0, 23.0, 1.0, 8.0, 31.0, 8.0, 9.0, 29.0, 57.0, 34.0, 2.0, 9.0, 9.0, 31.0, 18.0, 2.0, 7.0, 13.0	0
P33338	88.0, 41.0, 42.0, 56.0, 9.0, 84.0, 74.0, 23.0, 23.0, 53.0, 103.0, 57.0, 23.0, 26.0, 38.0, 78.0, 68.0, 6.0, 23.0, 53.0	0
P40357	51.0, 42.0, 71.0, 44.0, 0.0, 53.0, 59.0, 34.0, 6.0, 17.0, 40.0, 39.0, 18.0, 14.0, 26.0, 60.0, 28.0, 2.0, 25.0, 22.0	1
Q00416	134.0, 110.0, 145.0, 133.0, 31.0, 84.0, 138.0, 87.0, 42.0, 146.0, 211.0, 188.0, 42.0, 102.0, 108.0, 210.0, 110.0, 19.0, 63.0, 128.0	0
P53011	25.0, 15.0, 13.0, 30.0, 8.0, 12.0, 20.0, 19.0, 11.0, 18.0, 35.0, 22.0, 5.0, 9.0, 12.0, 43.0, 14.0, 12.0, 9.0, 17.0	0
P53148	35.0, 46.0, 59.0, 72.0, 1.0, 35.0, 86.0, 30.0, 16.0, 58.0, 77.0, 77.0, 27.0, 40.0, 39.0, 92.0, 60.0, 4.0, 17.0, 46.0	0
P38634	12.0, 23.0, 19.0, 15.0, 0.0, 16.0, 27.0, 11.0, 4.0, 11.0, 19.0, 20.0, 5.0, 11.0, 27.0, 25.0, 20.0, 1.0, 2.0, 16.0	1
P53147	10.0, 18.0, 31.0, 1.0, 0.0, 15.0, 16.0, 15.0, 8.0, 21.0, 15.0, 16.0, 5.0, 11.0, 24.0, 27.0, 15.0, 2.0, 9.0, 17.0	0
P40061	57.0, 76.0, 111.0, 73.0, 15.0, 55.0, 97.0, 53.0, 27.0, 102.0, 162.0, 110.0, 36.0, 75.0, 39.0, 127.0, 87.0, 8.0, 43.0, 77.0	1
Q06144	6.0, 12.0, 14.0, 9.0, 0.0, 8.0, 9.0, 10.0, 5.0, 19.0, 22.0, 7.0, 7.0, 12.0, 13.0, 16.0, 20.0, 5.0, 7.0, 15.0	0
P40091	19.0, 18.0, 34.0, 30.0, 1.0, 14.0, 39.0, 10.0, 11.0, 16.0, 53.0, 37.0, 8.0, 14.0, 21.0, 49.0, 22.0, 2.0, 14.0, 8.0	0
Q08285	16.0, 8.0, 13.0, 14.0, 7.0, 7.0, 14.0, 15.0, 2.0, 17.0, 18.0, 17.0, 4.0, 15.0, 11.0, 18.0, 16.0, 1.0, 8.0, 19.0	0
P43612	28.0, 38.0, 109.0, 97.0, 5.0, 40.0, 78.0, 37.0, 20.0, 82.0, 94.0, 60.0, 21.0, 45.0, 30.0, 91.0, 51.0, 6.0, 29.0, 41.0	0
P17121	31.0, 47.0, 58.0, 35.0, 1.0, 22.0, 37.0, 28.0, 16.0, 31.0, 60.0, 44.0, 9.0, 21.0, 47.0, 81.0, 39.0, 4.0, 18.0, 25.0	0
P32828	38.0, 73.0, 36.0, 50.0, 10.0, 26.0, 53.0, 30.0, 12.0, 35.0, 48.0, 25.0, 10.0, 23.0, 26.0, 47.0, 40.0, 3.0, 10.0, 24.0	0
P47821	18.0, 14.0, 11.0, 14.0, 7.0, 19.0, 19.0, 6.0, 13.0, 29.0, 39.0, 17.0, 6.0, 12.0, 16.0, 25.0, 18.0, 7.0, 18.0, 15.0	0
Q05027	13.0, 7.0, 7.0, 9.0, 1.0, 10.0, 10.0, 13.0, 3.0, 3.0, 19.0, 10.0, 5.0, 2.0, 9.0, 10.0, 7.0, 2.0, 6.0, 11.0	0
Q04739	24.0, 11.0, 32.0, 37.0, 1.0, 33.0, 21.0, 23.0, 15.0, 18.0, 29.0, 18.0, 15.0, 12.0, 31.0, 33.0, 26.0, 4.0, 14.0, 20.0	0
P24583	64.0, 56.0, 58.0, 72.0, 24.0, 72.0, 87.0, 55.0, 30.0, 71.0, 98.0, 98.0, 25.0, 48.0, 49.0, 86.0, 73.0, 13.0, 29.0, 43.0	0
P36146	25.0, 30.0, 38.0, 38.0, 3.0, 20.0, 37.0, 16.0, 8.0, 26.0, 59.0, 46.0, 8.0, 17.0, 17.0, 32.0, 20.0, 20.0, 17.0, 25.0	0
P07866	55.0, 67.0, 117.0, 91.0, 9.0, 56.0, 99.0, 28.0, 30.0, 101.0, 136.0, 106.0, 27.0, 48.0, 60.0, 191.0, 88.0, 12.0, 38.0, 76.0	0
P53599	67.0, 71.0, 120.0, 97.0, 15.0, 61.0, 111.0, 75.0, 26.0, 102.0, 157.0, 109.0, 47.0, 72.0, 60.0, 144.0, 86.0, 23.0, 53.0, 83.0	0
P06701	40.0, 41.0, 65.0, 56.0, 7.0, 35.0, 89.0, 41.0, 13.0, 87.0, 81.0, 95.0, 22.0, 37.0, 38.0, 92.0, 47.0, 9.0, 24.0, 59.0	0
Q06836	58.0, 53.0, 98.0, 83.0, 16.0, 37.0, 70.0, 57.0, 27.0, 79.0, 99.0, 97.0, 27.0, 52.0, 55.0, 168.0, 57.0, 8.0, 41.0, 44.0	0
P39954	45.0, 15.0, 18.0, 23.0, 11.0, 14.0, 32.0, 37.0, 16.0, 30.0, 41.0, 29.0, 12.0, 17.0, 13.0, 22.0, 21.0, 4.0, 12.0, 37.0	0
P06782	33.0, 22.0, 40.0, 41.0, 4.0, 24.0, 42.0, 29.0, 31.0, 47.0, 55.0, 48.0, 19.0, 20.0, 30.0, 59.0, 30.0, 7.0, 23.0, 29.0	1
Q05166	21.0, 21.0, 79.0, 27.0, 3.0, 33.0, 20.0, 30.0, 13.0, 32.0, 30.0, 27.0, 8.0, 23.0, 28.0, 63.0, 36.0, 5.0, 11.0, 18.0	0
P53224	12.0, 10.0, 9.0, 11.0, 1.0, 7.0, 10.0, 11.0, 7.0, 17.0, 20.0, 8.0, 5.0, 12.0, 12.0, 20.0, 22.0, 6.0, 9.0, 13.0	0
P21672	70.0, 39.0, 41.0, 49.0, 13.0, 34.0, 58.0, 48.0, 19.0, 58.0, 67.0, 51.0, 26.0, 31.0, 41.0, 66.0, 61.0, 12.0, 37.0, 48.0	0
Q12464	34.0, 23.0, 15.0, 29.0, 2.0, 21.0, 40.0, 34.0, 7.0, 40.0, 41.0, 32.0, 12.0, 12.0, 12.0, 39.0, 37.0, 1.0, 8.0, 32.0	0
P32364	23.0, 27.0, 41.0, 33.0, 6.0, 27.0, 58.0, 25.0, 15.0, 40.0, 72.0, 60.0, 12.0, 18.0, 22.0, 87.0, 44.0, 3.0, 13.0, 30.0	0
P29461	22.0, 23.0, 76.0, 46.0, 19.0, 36.0, 25.0, 18.0, 14.0, 55.0, 87.0, 70.0, 12.0, 33.0, 44.0, 70.0, 41.0, 7.0, 24.0, 28.0	0
Q03465	25.0, 21.0, 51.0, 40.0, 6.0, 22.0, 39.0, 15.0, 18.0, 30.0, 35.0, 34.0, 7.0, 21.0, 22.0, 65.0, 41.0, 2.0, 18.0, 19.0	0
P54867	27.0, 6.0, 22.0, 17.0, 9.0, 12.0, 19.0, 26.0, 7.0, 16.0, 16.0, 13.0, 5.0, 10.0, 10.0, 87.0, 44.0, 1.0, 14.0, 17.0	0
P36094	11.0, 24.0, 39.0, 30.0, 2.0, 13.0, 28.0, 5.0, 6.0, 16.0, 30.0, 35.0, 11.0, 7.0, 23.0, 33.0, 18.0, 0.0, 15.0, 17.0	0
P38166	19.0, 13.0, 8.0, 6.0, 5.0, 11.0, 7.0, 10.0, 1.0, 6.0, 30.0, 5.0, 7.0, 20.0, 9.0, 19.0, 16.0, 4.0, 6.0, 13.0	0
P15705	74.0, 24.0, 34.0, 38.0, 3.0, 33.0, 59.0, 21.0, 8.0, 28.0, 41.0, 60.0, 16.0, 13.0, 24.0, 36.0, 32.0, 3.0, 25.0, 17.0	0
P11972	29.0, 24.0, 41.0, 41.0, 10.0, 22.0, 36.0, 21.0, 23.0, 44.0, 73.0, 62.0, 21.0, 37.0, 32.0, 72.0, 53.0, 6.0, 21.0, 30.0	0
P25344	12.0, 18.0, 23.0, 30.0, 7.0, 20.0, 20.0, 14.0, 7.0, 18.0, 33.0, 22.0, 10.0, 7.0, 17.0, 36.0, 22.0, 4.0, 5.0, 21.0	0
P33300	15.0, 16.0, 16.0, 25.0, 7.0, 7.0, 16.0, 15.0, 9.0, 28.0, 49.0, 36.0, 7.0, 22.0, 18.0, 30.0, 20.0, 9.0, 24.0, 13.0	0
P31688	44.0, 43.0, 50.0, 59.0, 11.0, 45.0, 53.0, 41.0, 18.0, 44.0, 88.0, 74.0, 18.0, 33.0, 37.0, 67.0, 54.0, 21.0, 33.0, 63.0	0
P33298	32.0, 30.0, 17.0, 31.0, 0.0, 18.0, 33.0, 22.0, 4.0, 29.0, 46.0, 26.0, 11.0, 12.0, 19.0, 30.0, 21.0, 0.0, 12.0, 35.0	0
P22216	37.0, 35.0, 51.0, 49.0, 10.0, 57.0, 50.0, 56.0, 15.0, 62.0, 68.0, 66.0, 19.0, 32.0, 27.0, 73.0, 42.0, 6.0, 17.0, 49.0	0
P38788	57.0, 16.0, 33.0, 34.0, 2.0, 15.0, 44.0, 36.0, 9.0, 37.0, 51.0, 39.0, 3.0, 22.0, 24.0, 36.0, 27.0, 1.0, 12.0, 40.0	0
P38781	33.0, 25.0, 92.0, 49.0, 12.0, 42.0, 40.0, 26.0, 20.0, 67.0, 87.0, 69.0, 23.0, 62.0, 32.0, 79.0, 49.0, 2.0, 29.0, 45.0	0
P0C0X0	2.0, 10.0, 2.0, 3.0, 0.0, 1.0, 6.0, 5.0, 0.0, 3.0, 6.0, 4.0, 2.0, 1.0, 2.0, 4.0, 6.0, 0.0, 0.0, 10.0	0
P39938	15.0, 16.0, 8.0, 4.0, 4.0, 1.0, 5.0, 3.0, 3.0, 6.0, 4.0, 15.0, 2.0, 1.0, 9.0, 8.0, 1.0, 0.0, 4.0, 10.0	0
P40479	14.0, 13.0, 10.0, 10.0, 3.0, 6.0, 14.0, 4.0, 7.0, 16.0, 23.0, 12.0, 5.0, 3.0, 16.0, 18.0, 11.0, 2.0, 10.0, 12.0	0
P22082	108.0, 102.0, 132.0, 108.0, 8.0, 109.0, 129.0, 75.0, 37.0, 90.0, 163.0, 126.0, 41.0, 52.0, 77.0, 118.0, 97.0, 11.0, 44.0, 76.0	0
P39073	45.0, 34.0, 33.0, 26.0, 5.0, 28.0, 25.0, 36.0, 19.0, 32.0, 48.0, 41.0, 16.0, 15.0, 25.0, 31.0, 31.0, 6.0, 27.0, 32.0	0
P18759	50.0, 40.0, 55.0, 48.0, 5.0, 24.0, 42.0, 53.0, 9.0, 60.0, 71.0, 52.0, 19.0, 39.0, 32.0, 55.0, 40.0, 3.0, 14.0, 47.0	1
P32855	42.0, 34.0, 105.0, 51.0, 7.0, 48.0, 77.0, 35.0, 24.0, 94.0, 134.0, 85.0, 23.0, 54.0, 33.0, 95.0, 52.0, 8.0, 27.0, 37.0	0
P32944	38.0, 35.0, 70.0, 50.0, 4.0, 24.0, 61.0, 32.0, 23.0, 57.0, 67.0, 60.0, 14.0, 33.0, 39.0, 99.0, 54.0, 9.0, 20.0, 30.0	0
P39516	18.0, 15.0, 3.0, 9.0, 1.0, 4.0, 4.0, 15.0, 2.0, 6.0, 7.0, 9.0, 3.0, 3.0, 5.0, 8.0, 11.0, 0.0, 2.0, 13.0	0
P53046	47.0, 48.0, 72.0, 57.0, 22.0, 52.0, 57.0, 48.0, 38.0, 81.0, 123.0, 98.0, 22.0, 62.0, 48.0, 123.0, 55.0, 4.0, 39.0, 59.0	0
P40422	10.0, 8.0, 1.0, 3.0, 4.0, 3.0, 3.0, 3.0, 1.0, 3.0, 7.0, 5.0, 1.0, 2.0, 1.0, 6.0, 6.0, 0.0, 1.0, 2.0	0
P32790	91.0, 49.0, 76.0, 66.0, 5.0, 83.0, 74.0, 97.0, 12.0, 47.0, 80.0, 77.0, 46.0, 49.0, 88.0, 104.0, 106.0, 11.0, 23.0, 60.0	0
P36024	28.0, 18.0, 35.0, 64.0, 3.0, 28.0, 39.0, 23.0, 8.0, 37.0, 35.0, 45.0, 16.0, 8.0, 37.0, 49.0, 45.0, 7.0, 6.0, 31.0	0
P35187	71.0, 82.0, 104.0, 107.0, 18.0, 67.0, 101.0, 62.0, 33.0, 91.0, 103.0, 104.0, 38.0, 50.0, 61.0, 147.0, 93.0, 6.0, 40.0, 69.0	0
P39015	32.0, 20.0, 31.0, 21.0, 0.0, 9.0, 19.0, 13.0, 1.0, 5.0, 12.0, 32.0, 1.0, 6.0, 13.0, 19.0, 19.0, 1.0, 3.0, 16.0	0
Q00578	58.0, 49.0, 38.0, 59.0, 10.0, 43.0, 59.0, 48.0, 20.0, 53.0, 64.0, 52.0, 24.0, 34.0, 34.0, 66.0, 41.0, 6.0, 31.0, 54.0	0
P53879	19.0, 11.0, 21.0, 20.0, 6.0, 18.0, 20.0, 17.0, 7.0, 18.0, 25.0, 34.0, 2.0, 7.0, 16.0, 33.0, 30.0, 2.0, 12.0, 13.0	1
P40505	16.0, 29.0, 28.0, 24.0, 1.0, 20.0, 26.0, 21.0, 6.0, 11.0, 26.0, 25.0, 4.0, 11.0, 9.0, 30.0, 17.0, 1.0, 13.0, 9.0	0
P38814	33.0, 42.0, 67.0, 50.0, 9.0, 38.0, 55.0, 35.0, 15.0, 50.0, 78.0, 66.0, 22.0, 35.0, 29.0, 114.0, 49.0, 9.0, 19.0, 37.0	0
P40561	9.0, 10.0, 24.0, 12.0, 1.0, 18.0, 17.0, 12.0, 5.0, 11.0, 13.0, 28.0, 3.0, 9.0, 18.0, 20.0, 14.0, 2.0, 15.0, 9.0	0
P32591	39.0, 26.0, 75.0, 54.0, 2.0, 41.0, 91.0, 35.0, 14.0, 48.0, 55.0, 68.0, 18.0, 25.0, 44.0, 80.0, 49.0, 5.0, 17.0, 39.0	0
P25441	30.0, 26.0, 21.0, 27.0, 0.0, 13.0, 48.0, 32.0, 6.0, 15.0, 31.0, 52.0, 8.0, 12.0, 16.0, 39.0, 15.0, 1.0, 2.0, 28.0	0
Q01939	26.0, 27.0, 14.0, 20.0, 4.0, 13.0, 35.0, 27.0, 8.0, 31.0, 37.0, 36.0, 14.0, 10.0, 16.0, 24.0, 18.0, 0.0, 8.0, 37.0	0
Q07807	52.0, 22.0, 96.0, 37.0, 3.0, 68.0, 48.0, 44.0, 26.0, 51.0, 61.0, 59.0, 19.0, 37.0, 49.0, 103.0, 31.0, 1.0, 32.0, 40.0	0
Q08723	16.0, 11.0, 26.0, 27.0, 3.0, 16.0, 28.0, 14.0, 8.0, 26.0, 39.0, 34.0, 4.0, 7.0, 10.0, 20.0, 17.0, 2.0, 7.0, 23.0	0
P32561	27.0, 21.0, 24.0, 33.0, 10.0, 6.0, 28.0, 39.0, 14.0, 17.0, 28.0, 23.0, 16.0, 19.0, 20.0, 21.0, 18.0, 2.0, 32.0, 35.0	1
P39931	10.0, 9.0, 10.0, 20.0, 0.0, 4.0, 32.0, 15.0, 16.0, 16.0, 20.0, 19.0, 5.0, 13.0, 6.0, 9.0, 9.0, 3.0, 5.0, 13.0	0
P21304	42.0, 18.0, 32.0, 60.0, 4.0, 12.0, 51.0, 37.0, 13.0, 27.0, 44.0, 38.0, 15.0, 17.0, 20.0, 54.0, 28.0, 9.0, 16.0, 39.0	0
P39940	38.0, 58.0, 40.0, 53.0, 4.0, 41.0, 51.0, 58.0, 17.0, 32.0, 57.0, 39.0, 12.0, 41.0, 37.0, 63.0, 74.0, 13.0, 28.0, 53.0	0
Q12100	22.0, 25.0, 41.0, 38.0, 7.0, 18.0, 33.0, 32.0, 37.0, 27.0, 53.0, 50.0, 12.0, 19.0, 37.0, 70.0, 38.0, 3.0, 19.0, 39.0	0
P07269	25.0, 23.0, 78.0, 54.0, 3.0, 34.0, 24.0, 15.0, 17.0, 31.0, 46.0, 26.0, 9.0, 26.0, 26.0, 56.0, 40.0, 4.0, 8.0, 14.0	0
P25294	18.0, 12.0, 12.0, 18.0, 0.0, 18.0, 18.0, 56.0, 5.0, 15.0, 21.0, 29.0, 8.0, 21.0, 28.0, 31.0, 17.0, 1.0, 13.0, 11.0	0
P38889	33.0, 23.0, 74.0, 28.0, 5.0, 42.0, 29.0, 26.0, 19.0, 32.0, 59.0, 30.0, 14.0, 21.0, 34.0, 56.0, 54.0, 2.0, 11.0, 30.0	0
Q12109	22.0, 16.0, 11.0, 35.0, 6.0, 22.0, 28.0, 25.0, 9.0, 19.0, 33.0, 44.0, 8.0, 35.0, 21.0, 24.0, 27.0, 3.0, 12.0, 32.0	0
P36164	16.0, 16.0, 22.0, 15.0, 1.0, 11.0, 16.0, 20.0, 6.0, 29.0, 45.0, 11.0, 11.0, 23.0, 8.0, 29.0, 17.0, 4.0, 13.0, 24.0	0
Q12461	13.0, 13.0, 14.0, 23.0, 6.0, 7.0, 25.0, 20.0, 18.0, 25.0, 35.0, 28.0, 12.0, 21.0, 18.0, 31.0, 14.0, 7.0, 14.0, 14.0	0
Q3E754	7.0, 7.0, 6.0, 7.0, 1.0, 3.0, 6.0, 6.0, 1.0, 5.0, 7.0, 5.0, 1.0, 0.0, 2.0, 8.0, 2.0, 1.0, 5.0, 7.0	0
P32867	25.0, 15.0, 18.0, 20.0, 1.0, 24.0, 29.0, 10.0, 8.0, 18.0, 23.0, 21.0, 5.0, 9.0, 4.0, 15.0, 10.0, 1.0, 7.0, 27.0	1
P24276	76.0, 70.0, 94.0, 74.0, 6.0, 67.0, 76.0, 62.0, 36.0, 64.0, 113.0, 79.0, 16.0, 43.0, 70.0, 132.0, 67.0, 8.0, 33.0, 64.0	0
Q05022	97.0, 66.0, 83.0, 128.0, 12.0, 43.0, 144.0, 88.0, 31.0, 131.0, 159.0, 181.0, 12.0, 69.0, 50.0, 162.0, 98.0, 11.0, 34.0, 130.0	0
P23561	38.0, 29.0, 52.0, 41.0, 8.0, 34.0, 49.0, 39.0, 21.0, 54.0, 74.0, 58.0, 15.0, 26.0, 25.0, 56.0, 40.0, 5.0, 15.0, 38.0	0
P40368	24.0, 25.0, 48.0, 47.0, 9.0, 43.0, 51.0, 19.0, 10.0, 64.0, 76.0, 54.0, 13.0, 38.0, 20.0, 75.0, 35.0, 9.0, 17.0, 36.0	0
P28708	23.0, 30.0, 28.0, 34.0, 9.0, 18.0, 34.0, 18.0, 8.0, 32.0, 57.0, 30.0, 11.0, 17.0, 36.0, 50.0, 30.0, 7.0, 18.0, 28.0	0
P16664	19.0, 25.0, 40.0, 39.0, 6.0, 24.0, 55.0, 32.0, 12.0, 49.0, 60.0, 56.0, 14.0, 32.0, 26.0, 68.0, 42.0, 4.0, 20.0, 40.0	0
P02400	23.0, 1.0, 2.0, 7.0, 0.0, 2.0, 16.0, 14.0, 0.0, 4.0, 9.0, 7.0, 2.0, 3.0, 2.0, 8.0, 2.0, 0.0, 2.0, 6.0	0
P36017	23.0, 9.0, 15.0, 8.0, 2.0, 8.0, 22.0, 13.0, 3.0, 12.0, 16.0, 15.0, 3.0, 9.0, 4.0, 15.0, 12.0, 2.0, 3.0, 16.0	1
Q92331	39.0, 32.0, 44.0, 46.0, 2.0, 27.0, 70.0, 29.0, 9.0, 36.0, 60.0, 59.0, 11.0, 32.0, 25.0, 70.0, 35.0, 6.0, 12.0, 31.0	0
P32500	38.0, 32.0, 38.0, 33.0, 8.0, 22.0, 28.0, 29.0, 13.0, 47.0, 79.0, 34.0, 18.0, 37.0, 23.0, 62.0, 42.0, 7.0, 24.0, 41.0	0
P25655	124.0, 84.0, 125.0, 111.0, 13.0, 130.0, 127.0, 58.0, 34.0, 163.0, 275.0, 134.0, 44.0, 115.0, 87.0, 159.0, 124.0, 19.0, 48.0, 134.0	0
Q06132	50.0, 49.0, 58.0, 77.0, 5.0, 24.0, 75.0, 42.0, 12.0, 66.0, 90.0, 90.0, 19.0, 37.0, 19.0, 95.0, 27.0, 9.0, 27.0, 28.0	0
P43609	25.0, 21.0, 29.0, 37.0, 7.0, 28.0, 57.0, 32.0, 14.0, 33.0, 48.0, 51.0, 9.0, 20.0, 21.0, 44.0, 26.0, 5.0, 14.0, 36.0	0
Q08444	34.0, 26.0, 35.0, 26.0, 6.0, 20.0, 39.0, 29.0, 13.0, 22.0, 37.0, 44.0, 5.0, 11.0, 14.0, 33.0, 24.0, 6.0, 12.0, 23.0	0
P07274	12.0, 5.0, 4.0, 8.0, 1.0, 10.0, 5.0, 14.0, 3.0, 10.0, 9.0, 5.0, 2.0, 2.0, 4.0, 6.0, 7.0, 2.0, 6.0, 11.0	0
P47006	9.0, 6.0, 9.0, 26.0, 1.0, 5.0, 21.0, 4.0, 7.0, 10.0, 14.0, 45.0, 4.0, 9.0, 10.0, 25.0, 9.0, 1.0, 4.0, 14.0	0
P23250	8.0, 9.0, 65.0, 14.0, 4.0, 28.0, 19.0, 7.0, 8.0, 24.0, 32.0, 33.0, 10.0, 20.0, 22.0, 57.0, 21.0, 3.0, 12.0, 11.0	0
P11792	43.0, 24.0, 79.0, 56.0, 9.0, 38.0, 41.0, 52.0, 31.0, 39.0, 60.0, 49.0, 20.0, 43.0, 39.0, 84.0, 54.0, 8.0, 20.0, 35.0	1
P32432	39.0, 21.0, 93.0, 49.0, 7.0, 37.0, 12.0, 34.0, 36.0, 38.0, 34.0, 26.0, 24.0, 10.0, 33.0, 88.0, 53.0, 2.0, 19.0, 28.0	0
P12945	61.0, 37.0, 47.0, 59.0, 8.0, 36.0, 60.0, 34.0, 12.0, 44.0, 99.0, 96.0, 16.0, 41.0, 29.0, 58.0, 29.0, 8.0, 47.0, 33.0	0
P21957	19.0, 16.0, 22.0, 34.0, 4.0, 47.0, 35.0, 13.0, 8.0, 12.0, 36.0, 35.0, 7.0, 9.0, 11.0, 40.0, 16.0, 2.0, 8.0, 30.0	0
P07257	35.0, 16.0, 18.0, 25.0, 1.0, 9.0, 21.0, 20.0, 3.0, 12.0, 47.0, 31.0, 1.0, 18.0, 12.0, 32.0, 19.0, 0.0, 15.0, 33.0	0
P39956	34.0, 30.0, 57.0, 34.0, 10.0, 31.0, 50.0, 33.0, 25.0, 44.0, 69.0, 74.0, 16.0, 32.0, 60.0, 88.0, 40.0, 9.0, 26.0, 34.0	1
P24867	13.0, 22.0, 22.0, 18.0, 5.0, 9.0, 9.0, 6.0, 6.0, 16.0, 39.0, 14.0, 8.0, 7.0, 14.0, 22.0, 24.0, 4.0, 8.0, 13.0	0
P39743	61.0, 15.0, 17.0, 18.0, 1.0, 34.0, 35.0, 35.0, 5.0, 18.0, 32.0, 33.0, 9.0, 18.0, 33.0, 26.0, 34.0, 2.0, 29.0, 27.0	0
P48565	29.0, 33.0, 27.0, 34.0, 8.0, 21.0, 29.0, 21.0, 13.0, 46.0, 51.0, 25.0, 8.0, 28.0, 12.0, 42.0, 31.0, 9.0, 24.0, 42.0	0
P53238	27.0, 20.0, 22.0, 17.0, 2.0, 22.0, 19.0, 13.0, 11.0, 16.0, 26.0, 24.0, 4.0, 18.0, 20.0, 20.0, 20.0, 2.0, 13.0, 19.0	0
P40956	36.0, 27.0, 20.0, 30.0, 5.0, 48.0, 13.0, 27.0, 7.0, 12.0, 20.0, 16.0, 10.0, 21.0, 15.0, 42.0, 14.0, 3.0, 14.0, 16.0	0
P29952	32.0, 15.0, 22.0, 31.0, 5.0, 19.0, 31.0, 24.0, 11.0, 26.0, 36.0, 37.0, 10.0, 25.0, 28.0, 30.0, 13.0, 2.0, 11.0, 21.0	0
P48563	57.0, 61.0, 105.0, 95.0, 33.0, 52.0, 111.0, 47.0, 22.0, 142.0, 225.0, 116.0, 26.0, 80.0, 53.0, 167.0, 99.0, 15.0, 51.0, 79.0	0
P53179	18.0, 29.0, 33.0, 27.0, 6.0, 22.0, 34.0, 26.0, 6.0, 40.0, 38.0, 46.0, 11.0, 18.0, 34.0, 59.0, 37.0, 3.0, 16.0, 39.0	0
P32589	64.0, 26.0, 29.0, 46.0, 5.0, 22.0, 72.0, 35.0, 12.0, 43.0, 52.0, 65.0, 11.0, 27.0, 31.0, 39.0, 46.0, 4.0, 19.0, 45.0	0
P35056	39.0, 22.0, 60.0, 34.0, 6.0, 39.0, 54.0, 35.0, 10.0, 28.0, 55.0, 40.0, 18.0, 25.0, 21.0, 50.0, 23.0, 8.0, 18.0, 27.0	0
P47018	23.0, 8.0, 35.0, 37.0, 0.0, 25.0, 64.0, 30.0, 6.0, 27.0, 30.0, 47.0, 4.0, 16.0, 15.0, 46.0, 23.0, 8.0, 5.0, 29.0	0
Q04264	66.0, 48.0, 76.0, 92.0, 8.0, 44.0, 89.0, 34.0, 25.0, 110.0, 153.0, 115.0, 13.0, 65.0, 46.0, 97.0, 76.0, 9.0, 50.0, 61.0	0
P32485	39.0, 16.0, 18.0, 36.0, 6.0, 24.0, 20.0, 22.0, 16.0, 31.0, 37.0, 22.0, 10.0, 22.0, 22.0, 20.0, 30.0, 4.0, 15.0, 25.0	1
P38063	31.0, 14.0, 16.0, 24.0, 5.0, 10.0, 17.0, 16.0, 10.0, 29.0, 32.0, 21.0, 7.0, 9.0, 12.0, 23.0, 19.0, 0.0, 7.0, 24.0	0
Q03558	36.0, 22.0, 25.0, 21.0, 0.0, 13.0, 31.0, 34.0, 8.0, 23.0, 29.0, 26.0, 5.0, 17.0, 24.0, 18.0, 16.0, 8.0, 20.0, 24.0	0
Q07418	13.0, 6.0, 35.0, 37.0, 2.0, 17.0, 47.0, 20.0, 4.0, 12.0, 31.0, 31.0, 12.0, 8.0, 9.0, 23.0, 12.0, 1.0, 6.0, 16.0	0
Q05518	24.0, 38.0, 41.0, 36.0, 0.0, 20.0, 23.0, 35.0, 15.0, 11.0, 27.0, 33.0, 5.0, 16.0, 30.0, 73.0, 31.0, 1.0, 13.0, 27.0	0
Q08227	13.0, 17.0, 27.0, 18.0, 9.0, 13.0, 22.0, 25.0, 8.0, 22.0, 45.0, 24.0, 3.0, 18.0, 16.0, 26.0, 28.0, 8.0, 17.0, 25.0	0
P05986	15.0, 17.0, 24.0, 23.0, 4.0, 15.0, 29.0, 23.0, 11.0, 25.0, 35.0, 28.0, 11.0, 20.0, 23.0, 24.0, 23.0, 5.0, 21.0, 22.0	0
Q12230	34.0, 17.0, 9.0, 26.0, 0.0, 16.0, 41.0, 16.0, 7.0, 15.0, 29.0, 21.0, 5.0, 8.0, 17.0, 28.0, 16.0, 3.0, 11.0, 22.0	0
P32491	22.0, 23.0, 27.0, 24.0, 6.0, 19.0, 33.0, 30.0, 7.0, 31.0, 47.0, 41.0, 13.0, 19.0, 27.0, 57.0, 34.0, 5.0, 18.0, 23.0	0
P24279	77.0, 67.0, 49.0, 78.0, 2.0, 32.0, 68.0, 59.0, 22.0, 57.0, 90.0, 47.0, 16.0, 32.0, 48.0, 75.0, 64.0, 3.0, 22.0, 63.0	0
P32354	26.0, 36.0, 33.0, 25.0, 5.0, 23.0, 49.0, 30.0, 14.0, 37.0, 43.0, 69.0, 9.0, 29.0, 26.0, 46.0, 29.0, 6.0, 12.0, 24.0	0
P19263	44.0, 41.0, 96.0, 42.0, 9.0, 53.0, 62.0, 37.0, 27.0, 96.0, 126.0, 75.0, 33.0, 41.0, 43.0, 92.0, 69.0, 9.0, 30.0, 57.0	0
P53091	70.0, 66.0, 51.0, 73.0, 12.0, 39.0, 81.0, 61.0, 17.0, 63.0, 74.0, 49.0, 24.0, 36.0, 42.0, 102.0, 60.0, 4.0, 27.0, 66.0	0
P38996	41.0, 29.0, 63.0, 66.0, 2.0, 83.0, 82.0, 44.0, 18.0, 35.0, 40.0, 37.0, 24.0, 21.0, 66.0, 67.0, 29.0, 1.0, 25.0, 29.0	0
Q04005	14.0, 7.0, 23.0, 29.0, 2.0, 14.0, 17.0, 6.0, 11.0, 20.0, 33.0, 31.0, 8.0, 7.0, 7.0, 34.0, 22.0, 0.0, 3.0, 6.0	0
P19657	103.0, 34.0, 31.0, 53.0, 9.0, 26.0, 61.0, 76.0, 13.0, 69.0, 89.0, 46.0, 22.0, 37.0, 34.0, 71.0, 56.0, 15.0, 23.0, 79.0	0
P11746	15.0, 8.0, 16.0, 16.0, 1.0, 77.0, 18.0, 15.0, 10.0, 10.0, 17.0, 11.0, 6.0, 7.0, 19.0, 13.0, 12.0, 0.0, 5.0, 10.0	0
P25491	30.0, 19.0, 10.0, 28.0, 11.0, 14.0, 37.0, 50.0, 7.0, 28.0, 20.0, 41.0, 6.0, 19.0, 23.0, 16.0, 13.0, 1.0, 11.0, 25.0	0
P40364	16.0, 8.0, 14.0, 26.0, 2.0, 9.0, 11.0, 12.0, 5.0, 11.0, 23.0, 24.0, 4.0, 15.0, 15.0, 19.0, 18.0, 5.0, 5.0, 10.0	0
P80667	25.0, 16.0, 30.0, 12.0, 0.0, 10.0, 25.0, 39.0, 3.0, 25.0, 26.0, 26.0, 13.0, 20.0, 21.0, 40.0, 21.0, 4.0, 21.0, 9.0	0
P32505	41.0, 27.0, 36.0, 17.0, 21.0, 61.0, 34.0, 31.0, 12.0, 20.0, 31.0, 31.0, 11.0, 20.0, 50.0, 26.0, 24.0, 1.0, 6.0, 25.0	0
Q06639	29.0, 34.0, 85.0, 41.0, 12.0, 45.0, 53.0, 24.0, 16.0, 74.0, 110.0, 64.0, 17.0, 49.0, 35.0, 85.0, 49.0, 5.0, 25.0, 33.0	0
P46974	86.0, 64.0, 104.0, 70.0, 27.0, 51.0, 63.0, 47.0, 38.0, 77.0, 137.0, 76.0, 36.0, 70.0, 87.0, 154.0, 85.0, 14.0, 36.0, 58.0	0
P14907	84.0, 3.0, 90.0, 49.0, 0.0, 29.0, 47.0, 65.0, 3.0, 15.0, 31.0, 90.0, 2.0, 62.0, 42.0, 120.0, 70.0, 2.0, 4.0, 15.0	0
Q08966	21.0, 16.0, 40.0, 49.0, 5.0, 23.0, 34.0, 18.0, 11.0, 28.0, 54.0, 34.0, 10.0, 21.0, 20.0, 51.0, 26.0, 0.0, 11.0, 20.0	0
P38351	16.0, 23.0, 24.0, 51.0, 0.0, 17.0, 51.0, 14.0, 7.0, 26.0, 39.0, 49.0, 12.0, 10.0, 21.0, 25.0, 24.0, 3.0, 12.0, 21.0	0
P53191	29.0, 34.0, 63.0, 40.0, 8.0, 29.0, 40.0, 31.0, 18.0, 32.0, 42.0, 47.0, 8.0, 15.0, 28.0, 87.0, 38.0, 5.0, 11.0, 30.0	0
P21242	24.0, 9.0, 15.0, 23.0, 3.0, 10.0, 22.0, 25.0, 9.0, 16.0, 21.0, 21.0, 3.0, 10.0, 10.0, 20.0, 13.0, 2.0, 10.0, 22.0	0
P01120	26.0, 13.0, 32.0, 17.0, 2.0, 22.0, 18.0, 28.0, 2.0, 14.0, 18.0, 22.0, 7.0, 4.0, 6.0, 32.0, 23.0, 0.0, 12.0, 24.0	0
Q12250	20.0, 15.0, 24.0, 25.0, 2.0, 24.0, 45.0, 10.0, 11.0, 35.0, 61.0, 46.0, 8.0, 8.0, 9.0, 33.0, 19.0, 5.0, 18.0, 27.0	0
P51862	78.0, 71.0, 86.0, 75.0, 15.0, 59.0, 60.0, 63.0, 54.0, 86.0, 114.0, 97.0, 26.0, 60.0, 59.0, 172.0, 68.0, 7.0, 46.0, 60.0	0
P32901	45.0, 13.0, 25.0, 26.0, 12.0, 17.0, 34.0, 36.0, 8.0, 54.0, 43.0, 34.0, 18.0, 51.0, 34.0, 44.0, 32.0, 13.0, 29.0, 33.0	0
P14737	49.0, 63.0, 106.0, 87.0, 14.0, 51.0, 120.0, 61.0, 21.0, 98.0, 109.0, 102.0, 20.0, 46.0, 51.0, 133.0, 84.0, 11.0, 30.0, 53.0	0
P42073	23.0, 17.0, 39.0, 37.0, 3.0, 18.0, 24.0, 18.0, 10.0, 32.0, 56.0, 73.0, 11.0, 17.0, 32.0, 58.0, 30.0, 0.0, 12.0, 23.0	0
Q02785	115.0, 70.0, 69.0, 67.0, 31.0, 53.0, 91.0, 95.0, 36.0, 79.0, 136.0, 77.0, 47.0, 82.0, 52.0, 116.0, 76.0, 27.0, 77.0, 115.0	0
Q12329	17.0, 18.0, 22.0, 23.0, 1.0, 20.0, 43.0, 24.0, 12.0, 15.0, 24.0, 25.0, 4.0, 9.0, 35.0, 23.0, 18.0, 0.0, 24.0, 18.0	0
P08018	41.0, 30.0, 46.0, 29.0, 6.0, 32.0, 34.0, 47.0, 18.0, 38.0, 57.0, 44.0, 13.0, 17.0, 41.0, 79.0, 42.0, 2.0, 16.0, 36.0	1
P26263	45.0, 12.0, 28.0, 28.0, 1.0, 23.0, 32.0, 42.0, 12.0, 38.0, 64.0, 39.0, 5.0, 24.0, 26.0, 38.0, 40.0, 7.0, 17.0, 42.0	0
Q12342	18.0, 19.0, 34.0, 31.0, 9.0, 16.0, 29.0, 11.0, 7.0, 34.0, 67.0, 34.0, 18.0, 21.0, 23.0, 45.0, 27.0, 2.0, 23.0, 23.0	0
Q12044	10.0, 8.0, 20.0, 15.0, 2.0, 14.0, 12.0, 8.0, 4.0, 10.0, 34.0, 19.0, 4.0, 12.0, 19.0, 41.0, 22.0, 1.0, 3.0, 7.0	0
P32864	37.0, 18.0, 27.0, 36.0, 8.0, 27.0, 51.0, 38.0, 7.0, 31.0, 50.0, 35.0, 13.0, 34.0, 31.0, 50.0, 34.0, 6.0, 23.0, 47.0	0
P06780	12.0, 10.0, 7.0, 12.0, 7.0, 14.0, 15.0, 17.0, 1.0, 10.0, 17.0, 16.0, 2.0, 6.0, 8.0, 12.0, 11.0, 2.0, 7.0, 23.0	0
P0CX84	13.0, 11.0, 1.0, 2.0, 1.0, 11.0, 8.0, 2.0, 0.0, 5.0, 13.0, 22.0, 1.0, 2.0, 4.0, 6.0, 6.0, 0.0, 4.0, 8.0	0
P36026	26.0, 34.0, 48.0, 40.0, 12.0, 24.0, 47.0, 24.0, 23.0, 50.0, 80.0, 61.0, 8.0, 24.0, 28.0, 73.0, 34.0, 3.0, 41.0, 37.0	0
P35210	42.0, 48.0, 126.0, 76.0, 16.0, 36.0, 42.0, 44.0, 22.0, 66.0, 112.0, 61.0, 28.0, 55.0, 46.0, 130.0, 69.0, 7.0, 18.0, 38.0	0
P39001	58.0, 46.0, 88.0, 48.0, 9.0, 33.0, 31.0, 38.0, 21.0, 29.0, 47.0, 62.0, 10.0, 20.0, 60.0, 123.0, 68.0, 3.0, 17.0, 25.0	1
Q06708	46.0, 37.0, 56.0, 59.0, 13.0, 36.0, 56.0, 31.0, 15.0, 68.0, 125.0, 56.0, 20.0, 34.0, 31.0, 81.0, 40.0, 5.0, 28.0, 43.0	0
Q12038	68.0, 42.0, 65.0, 49.0, 8.0, 33.0, 55.0, 65.0, 16.0, 85.0, 81.0, 69.0, 26.0, 42.0, 48.0, 100.0, 67.0, 8.0, 41.0, 65.0	0
Q06412	62.0, 57.0, 82.0, 78.0, 19.0, 42.0, 87.0, 49.0, 26.0, 92.0, 117.0, 100.0, 20.0, 78.0, 68.0, 127.0, 73.0, 13.0, 45.0, 72.0	0
P50111	41.0, 58.0, 75.0, 62.0, 0.0, 58.0, 81.0, 38.0, 25.0, 38.0, 62.0, 69.0, 17.0, 17.0, 50.0, 107.0, 53.0, 6.0, 14.0, 44.0	0
P32600	156.0, 120.0, 134.0, 125.0, 31.0, 110.0, 160.0, 99.0, 65.0, 185.0, 316.0, 163.0, 58.0, 92.0, 101.0, 196.0, 119.0, 34.0, 74.0, 136.0	1
P34761	37.0, 24.0, 70.0, 22.0, 4.0, 49.0, 20.0, 36.0, 17.0, 35.0, 51.0, 21.0, 14.0, 23.0, 43.0, 119.0, 42.0, 2.0, 11.0, 21.0	0
P41338	53.0, 11.0, 19.0, 19.0, 6.0, 16.0, 22.0, 38.0, 6.0, 25.0, 29.0, 30.0, 5.0, 12.0, 15.0, 27.0, 16.0, 3.0, 7.0, 39.0	0
Q04511	28.0, 38.0, 46.0, 47.0, 7.0, 33.0, 55.0, 32.0, 18.0, 47.0, 62.0, 37.0, 12.0, 27.0, 18.0, 53.0, 43.0, 12.0, 17.0, 36.0	0
P39702	50.0, 41.0, 75.0, 69.0, 26.0, 53.0, 80.0, 45.0, 30.0, 102.0, 161.0, 79.0, 15.0, 59.0, 47.0, 129.0, 67.0, 14.0, 50.0, 82.0	0
P40328	48.0, 54.0, 42.0, 37.0, 1.0, 24.0, 64.0, 35.0, 8.0, 40.0, 81.0, 79.0, 14.0, 19.0, 27.0, 86.0, 34.0, 6.0, 20.0, 35.0	0
P40343	30.0, 33.0, 30.0, 39.0, 10.0, 40.0, 64.0, 11.0, 12.0, 37.0, 52.0, 47.0, 11.0, 12.0, 48.0, 68.0, 27.0, 2.0, 19.0, 30.0	0
P40523	32.0, 27.0, 50.0, 23.0, 2.0, 33.0, 40.0, 27.0, 16.0, 32.0, 54.0, 33.0, 15.0, 29.0, 56.0, 61.0, 45.0, 4.0, 24.0, 24.0	0
P36093	29.0, 18.0, 25.0, 12.0, 2.0, 19.0, 19.0, 12.0, 10.0, 23.0, 25.0, 18.0, 8.0, 9.0, 34.0, 32.0, 31.0, 2.0, 14.0, 24.0	0
P04840	27.0, 5.0, 20.0, 15.0, 2.0, 11.0, 8.0, 21.0, 3.0, 10.0, 31.0, 19.0, 4.0, 17.0, 13.0, 24.0, 25.0, 2.0, 8.0, 18.0	0
P53832	36.0, 13.0, 22.0, 22.0, 9.0, 19.0, 10.0, 25.0, 9.0, 17.0, 25.0, 17.0, 4.0, 10.0, 16.0, 123.0, 73.0, 4.0, 18.0, 31.0	0
P35169	156.0, 112.0, 132.0, 124.0, 31.0, 111.0, 160.0, 93.0, 61.0, 192.0, 330.0, 164.0, 50.0, 89.0, 112.0, 186.0, 128.0, 36.0, 76.0, 127.0	1
P40438	70.0, 70.0, 72.0, 128.0, 35.0, 34.0, 104.0, 117.0, 30.0, 106.0, 114.0, 110.0, 19.0, 97.0, 54.0, 133.0, 97.0, 15.0, 61.0, 83.0	0
P40463	25.0, 28.0, 56.0, 23.0, 1.0, 18.0, 13.0, 15.0, 15.0, 14.0, 27.0, 13.0, 13.0, 13.0, 32.0, 77.0, 30.0, 0.0, 11.0, 12.0	0
P34223	28.0, 25.0, 29.0, 32.0, 2.0, 25.0, 35.0, 33.0, 6.0, 11.0, 28.0, 23.0, 7.0, 17.0, 24.0, 38.0, 25.0, 3.0, 12.0, 20.0	1
P53950	63.0, 36.0, 161.0, 85.0, 4.0, 43.0, 54.0, 44.0, 38.0, 55.0, 84.0, 70.0, 21.0, 30.0, 63.0, 154.0, 77.0, 2.0, 26.0, 55.0	0
P47061	36.0, 32.0, 53.0, 61.0, 7.0, 35.0, 55.0, 16.0, 9.0, 51.0, 109.0, 69.0, 16.0, 44.0, 26.0, 76.0, 53.0, 13.0, 29.0, 32.0	1
P52917	36.0, 19.0, 18.0, 30.0, 2.0, 13.0, 40.0, 34.0, 3.0, 23.0, 41.0, 39.0, 9.0, 14.0, 18.0, 32.0, 29.0, 4.0, 12.0, 21.0	1
Q03559	18.0, 12.0, 7.0, 16.0, 1.0, 17.0, 11.0, 12.0, 5.0, 6.0, 6.0, 14.0, 7.0, 10.0, 11.0, 14.0, 10.0, 1.0, 6.0, 13.0	0
P19358	34.0, 15.0, 6.0, 34.0, 5.0, 17.0, 22.0, 31.0, 6.0, 27.0, 29.0, 30.0, 7.0, 13.0, 16.0, 24.0, 24.0, 4.0, 15.0, 25.0	0
P32389	34.0, 23.0, 91.0, 50.0, 0.0, 25.0, 43.0, 30.0, 27.0, 35.0, 49.0, 44.0, 6.0, 23.0, 30.0, 83.0, 43.0, 1.0, 9.0, 26.0	0
P16862	99.0, 52.0, 43.0, 50.0, 11.0, 27.0, 60.0, 70.0, 19.0, 56.0, 77.0, 50.0, 24.0, 26.0, 42.0, 77.0, 64.0, 10.0, 34.0, 68.0	0
P33441	11.0, 17.0, 20.0, 42.0, 1.0, 16.0, 60.0, 18.0, 5.0, 22.0, 34.0, 37.0, 4.0, 8.0, 6.0, 37.0, 18.0, 3.0, 9.0, 24.0	0
P40562	49.0, 50.0, 64.0, 68.0, 17.0, 42.0, 82.0, 41.0, 17.0, 78.0, 71.0, 99.0, 21.0, 46.0, 33.0, 62.0, 56.0, 4.0, 30.0, 63.0	0
P28795	20.0, 17.0, 30.0, 19.0, 4.0, 33.0, 30.0, 12.0, 6.0, 27.0, 54.0, 28.0, 10.0, 20.0, 9.0, 48.0, 31.0, 9.0, 11.0, 23.0	1
P39006	25.0, 29.0, 28.0, 21.0, 5.0, 17.0, 30.0, 36.0, 12.0, 21.0, 48.0, 32.0, 14.0, 33.0, 22.0, 43.0, 26.0, 8.0, 13.0, 37.0	1
Q02205	13.0, 9.0, 13.0, 12.0, 2.0, 15.0, 18.0, 13.0, 6.0, 9.0, 17.0, 9.0, 3.0, 3.0, 6.0, 18.0, 10.0, 0.0, 2.0, 6.0	0
P52553	5.0, 7.0, 8.0, 4.0, 1.0, 9.0, 20.0, 4.0, 0.0, 6.0, 13.0, 9.0, 2.0, 3.0, 3.0, 4.0, 8.0, 0.0, 2.0, 6.0	0
P10961	38.0, 39.0, 120.0, 65.0, 0.0, 31.0, 46.0, 33.0, 22.0, 44.0, 58.0, 42.0, 14.0, 31.0, 50.0, 93.0, 60.0, 6.0, 15.0, 26.0	0
P32478	75.0, 3.0, 5.0, 22.0, 4.0, 41.0, 4.0, 35.0, 2.0, 24.0, 14.0, 18.0, 2.0, 5.0, 12.0, 40.0, 70.0, 2.0, 8.0, 27.0	0
P38692	64.0, 38.0, 109.0, 45.0, 8.0, 35.0, 58.0, 67.0, 17.0, 69.0, 81.0, 68.0, 22.0, 25.0, 77.0, 136.0, 82.0, 5.0, 29.0, 45.0	0
P32490	22.0, 22.0, 34.0, 24.0, 7.0, 17.0, 31.0, 27.0, 7.0, 30.0, 49.0, 37.0, 13.0, 18.0, 31.0, 69.0, 26.0, 6.0, 17.0, 21.0	0
P38075	13.0, 21.0, 9.0, 15.0, 1.0, 9.0, 22.0, 9.0, 4.0, 14.0, 15.0, 16.0, 1.0, 13.0, 14.0, 12.0, 17.0, 7.0, 6.0, 10.0	0
P16387	40.0, 22.0, 10.0, 22.0, 7.0, 14.0, 26.0, 39.0, 8.0, 20.0, 33.0, 29.0, 17.0, 16.0, 18.0, 28.0, 24.0, 3.0, 21.0, 23.0	0
P25339	51.0, 21.0, 90.0, 48.0, 11.0, 43.0, 38.0, 45.0, 29.0, 52.0, 76.0, 52.0, 26.0, 32.0, 76.0, 86.0, 49.0, 2.0, 23.0, 38.0	0
P33401	41.0, 23.0, 27.0, 34.0, 7.0, 13.0, 34.0, 54.0, 10.0, 42.0, 46.0, 44.0, 5.0, 32.0, 30.0, 34.0, 31.0, 7.0, 24.0, 32.0	0
P40048	31.0, 32.0, 74.0, 57.0, 13.0, 41.0, 45.0, 26.0, 22.0, 67.0, 90.0, 69.0, 20.0, 40.0, 51.0, 113.0, 59.0, 5.0, 32.0, 41.0	0
P16603	48.0, 21.0, 44.0, 47.0, 4.0, 22.0, 42.0, 43.0, 12.0, 37.0, 66.0, 44.0, 13.0, 37.0, 36.0, 54.0, 38.0, 5.0, 27.0, 51.0	0
P06778	35.0, 26.0, 33.0, 35.0, 2.0, 21.0, 29.0, 25.0, 7.0, 22.0, 26.0, 40.0, 10.0, 18.0, 30.0, 34.0, 38.0, 2.0, 10.0, 28.0	0
P07278	25.0, 22.0, 24.0, 27.0, 2.0, 27.0, 27.0, 20.0, 8.0, 12.0, 41.0, 33.0, 6.0, 24.0, 22.0, 36.0, 22.0, 2.0, 12.0, 24.0	0
P05030	90.0, 33.0, 26.0, 59.0, 9.0, 27.0, 54.0, 76.0, 14.0, 64.0, 86.0, 48.0, 24.0, 38.0, 36.0, 59.0, 57.0, 15.0, 22.0, 81.0	0
P31382	45.0, 33.0, 37.0, 36.0, 11.0, 22.0, 30.0, 50.0, 21.0, 39.0, 79.0, 34.0, 24.0, 51.0, 35.0, 67.0, 37.0, 27.0, 34.0, 47.0	0
P43606	32.0, 34.0, 42.0, 39.0, 18.0, 29.0, 38.0, 27.0, 18.0, 54.0, 56.0, 43.0, 10.0, 27.0, 34.0, 71.0, 57.0, 4.0, 19.0, 26.0	0
Q05672	13.0, 26.0, 48.0, 24.0, 4.0, 27.0, 27.0, 29.0, 6.0, 21.0, 24.0, 27.0, 12.0, 14.0, 30.0, 59.0, 22.0, 3.0, 28.0, 13.0	0
Q01080	27.0, 24.0, 17.0, 24.0, 1.0, 15.0, 27.0, 17.0, 3.0, 29.0, 41.0, 44.0, 5.0, 16.0, 23.0, 40.0, 20.0, 0.0, 14.0, 28.0	0
Q02100	22.0, 26.0, 82.0, 24.0, 3.0, 21.0, 29.0, 28.0, 14.0, 34.0, 44.0, 39.0, 8.0, 16.0, 46.0, 110.0, 57.0, 0.0, 12.0, 32.0	0
P36167	16.0, 13.0, 15.0, 11.0, 2.0, 7.0, 18.0, 3.0, 7.0, 9.0, 19.0, 18.0, 4.0, 9.0, 22.0, 35.0, 19.0, 2.0, 4.0, 13.0	0
Q12063	18.0, 15.0, 22.0, 23.0, 4.0, 12.0, 27.0, 24.0, 8.0, 30.0, 37.0, 33.0, 8.0, 12.0, 22.0, 18.0, 15.0, 3.0, 17.0, 27.0	0
Q03944	24.0, 28.0, 54.0, 34.0, 3.0, 35.0, 42.0, 32.0, 15.0, 36.0, 55.0, 47.0, 12.0, 18.0, 31.0, 57.0, 40.0, 0.0, 6.0, 35.0	0
Q04773	16.0, 9.0, 17.0, 14.0, 0.0, 8.0, 11.0, 9.0, 1.0, 9.0, 11.0, 9.0, 1.0, 6.0, 3.0, 9.0, 5.0, 0.0, 1.0, 6.0	0
P33122	20.0, 11.0, 24.0, 21.0, 0.0, 13.0, 26.0, 4.0, 3.0, 21.0, 23.0, 21.0, 5.0, 10.0, 14.0, 41.0, 17.0, 3.0, 5.0, 9.0	0
Q12132	20.0, 20.0, 40.0, 13.0, 4.0, 21.0, 12.0, 11.0, 15.0, 19.0, 13.0, 24.0, 8.0, 15.0, 31.0, 68.0, 30.0, 0.0, 15.0, 12.0	0
P39968	54.0, 24.0, 44.0, 36.0, 13.0, 25.0, 38.0, 24.0, 10.0, 35.0, 77.0, 29.0, 8.0, 12.0, 20.0, 51.0, 24.0, 2.0, 11.0, 41.0	1
Q08217	53.0, 36.0, 70.0, 83.0, 11.0, 24.0, 75.0, 39.0, 31.0, 85.0, 112.0, 89.0, 23.0, 45.0, 50.0, 103.0, 59.0, 7.0, 33.0, 73.0	0
Q04430	17.0, 9.0, 28.0, 17.0, 3.0, 13.0, 19.0, 35.0, 10.0, 34.0, 30.0, 21.0, 12.0, 21.0, 8.0, 36.0, 23.0, 3.0, 18.0, 10.0	0
Q04305	35.0, 33.0, 27.0, 27.0, 5.0, 24.0, 24.0, 24.0, 15.0, 24.0, 47.0, 31.0, 8.0, 20.0, 22.0, 52.0, 35.0, 7.0, 15.0, 38.0	0
P38555	19.0, 8.0, 21.0, 14.0, 3.0, 6.0, 16.0, 16.0, 3.0, 13.0, 18.0, 14.0, 3.0, 7.0, 5.0, 22.0, 14.0, 2.0, 9.0, 10.0	1
P36116	8.0, 7.0, 16.0, 10.0, 0.0, 6.0, 26.0, 5.0, 3.0, 11.0, 18.0, 18.0, 1.0, 2.0, 3.0, 10.0, 9.0, 0.0, 4.0, 7.0	1
Q12110	12.0, 22.0, 44.0, 28.0, 7.0, 11.0, 20.0, 11.0, 12.0, 35.0, 51.0, 28.0, 6.0, 21.0, 15.0, 44.0, 25.0, 4.0, 16.0, 16.0	0
P43123	28.0, 16.0, 25.0, 28.0, 7.0, 18.0, 36.0, 36.0, 8.0, 28.0, 49.0, 48.0, 7.0, 21.0, 21.0, 35.0, 19.0, 5.0, 17.0, 25.0	0
Q04338	16.0, 14.0, 9.0, 19.0, 0.0, 17.0, 12.0, 6.0, 2.0, 15.0, 29.0, 16.0, 5.0, 7.0, 3.0, 22.0, 12.0, 1.0, 4.0, 8.0	1
Q02831	14.0, 23.0, 19.0, 18.0, 0.0, 14.0, 16.0, 9.0, 4.0, 14.0, 15.0, 10.0, 5.0, 5.0, 14.0, 21.0, 15.0, 1.0, 9.0, 14.0	0
P25623	55.0, 40.0, 62.0, 34.0, 3.0, 46.0, 56.0, 33.0, 17.0, 48.0, 73.0, 55.0, 9.0, 31.0, 60.0, 116.0, 66.0, 7.0, 17.0, 42.0	0
P38129	45.0, 33.0, 58.0, 56.0, 9.0, 35.0, 41.0, 52.0, 18.0, 43.0, 65.0, 63.0, 12.0, 30.0, 41.0, 78.0, 44.0, 9.0, 26.0, 40.0	0
Q06616	13.0, 17.0, 12.0, 8.0, 2.0, 19.0, 15.0, 5.0, 7.0, 9.0, 19.0, 19.0, 3.0, 6.0, 19.0, 19.0, 8.0, 2.0, 4.0, 15.0	0
P33200	44.0, 39.0, 61.0, 52.0, 19.0, 45.0, 60.0, 23.0, 21.0, 71.0, 108.0, 63.0, 17.0, 55.0, 41.0, 98.0, 64.0, 9.0, 45.0, 41.0	0
P39927	19.0, 13.0, 41.0, 17.0, 1.0, 34.0, 20.0, 16.0, 4.0, 33.0, 40.0, 21.0, 12.0, 14.0, 46.0, 39.0, 25.0, 2.0, 5.0, 23.0	0
Q12149	42.0, 43.0, 48.0, 52.0, 3.0, 20.0, 56.0, 20.0, 17.0, 50.0, 78.0, 62.0, 11.0, 22.0, 44.0, 65.0, 25.0, 7.0, 26.0, 42.0	0
P46950	45.0, 25.0, 36.0, 22.0, 7.0, 15.0, 23.0, 34.0, 7.0, 39.0, 53.0, 26.0, 17.0, 28.0, 25.0, 49.0, 25.0, 10.0, 28.0, 33.0	0
P46944	37.0, 31.0, 44.0, 44.0, 12.0, 24.0, 46.0, 19.0, 17.0, 40.0, 81.0, 49.0, 21.0, 37.0, 25.0, 68.0, 36.0, 9.0, 26.0, 32.0	1
P11484	62.0, 29.0, 22.0, 38.0, 3.0, 24.0, 50.0, 42.0, 5.0, 35.0, 51.0, 47.0, 10.0, 26.0, 20.0, 43.0, 45.0, 1.0, 9.0, 51.0	0
P42845	31.0, 20.0, 38.0, 23.0, 0.0, 18.0, 15.0, 16.0, 14.0, 15.0, 30.0, 27.0, 12.0, 9.0, 41.0, 56.0, 35.0, 0.0, 7.0, 13.0	0
P40150	61.0, 29.0, 22.0, 38.0, 2.0, 25.0, 49.0, 42.0, 5.0, 36.0, 51.0, 47.0, 9.0, 26.0, 20.0, 44.0, 45.0, 1.0, 9.0, 52.0	0
P32917	36.0, 41.0, 72.0, 63.0, 16.0, 28.0, 56.0, 33.0, 20.0, 68.0, 93.0, 50.0, 10.0, 41.0, 51.0, 112.0, 58.0, 6.0, 20.0, 43.0	0
P36105	22.0, 11.0, 2.0, 4.0, 1.0, 7.0, 5.0, 7.0, 0.0, 8.0, 11.0, 17.0, 2.0, 3.0, 4.0, 7.0, 7.0, 4.0, 1.0, 15.0	0
P25343	21.0, 14.0, 9.0, 23.0, 3.0, 16.0, 19.0, 13.0, 2.0, 16.0, 28.0, 27.0, 3.0, 10.0, 7.0, 14.0, 13.0, 1.0, 12.0, 14.0	0
P40962	12.0, 21.0, 10.0, 15.0, 3.0, 19.0, 14.0, 13.0, 8.0, 10.0, 15.0, 23.0, 6.0, 6.0, 7.0, 17.0, 8.0, 2.0, 9.0, 14.0	0
P17065	47.0, 29.0, 46.0, 65.0, 9.0, 34.0, 65.0, 26.0, 11.0, 46.0, 67.0, 71.0, 9.0, 17.0, 19.0, 101.0, 49.0, 7.0, 13.0, 28.0	1
Q06315	53.0, 42.0, 80.0, 55.0, 4.0, 52.0, 54.0, 49.0, 19.0, 43.0, 78.0, 71.0, 22.0, 45.0, 60.0, 142.0, 72.0, 7.0, 32.0, 46.0	0
Q04175	52.0, 27.0, 54.0, 56.0, 11.0, 42.0, 82.0, 25.0, 14.0, 87.0, 119.0, 52.0, 23.0, 59.0, 38.0, 71.0, 39.0, 9.0, 30.0, 54.0	0
P54003	29.0, 14.0, 17.0, 14.0, 5.0, 9.0, 8.0, 14.0, 7.0, 18.0, 25.0, 8.0, 10.0, 22.0, 13.0, 26.0, 22.0, 9.0, 8.0, 24.0	0
P40454	17.0, 21.0, 15.0, 20.0, 4.0, 17.0, 22.0, 24.0, 19.0, 17.0, 42.0, 15.0, 12.0, 20.0, 28.0, 30.0, 24.0, 8.0, 16.0, 22.0	0
P0CH08	5.0, 10.0, 5.0, 7.0, 5.0, 7.0, 6.0, 7.0, 2.0, 9.0, 14.0, 17.0, 1.0, 2.0, 6.0, 8.0, 9.0, 0.0, 3.0, 5.0	0
P22224	35.0, 30.0, 62.0, 62.0, 7.0, 40.0, 72.0, 23.0, 10.0, 77.0, 117.0, 63.0, 24.0, 57.0, 33.0, 78.0, 52.0, 7.0, 26.0, 35.0	0
Q06160	29.0, 35.0, 43.0, 40.0, 7.0, 24.0, 40.0, 25.0, 8.0, 53.0, 66.0, 56.0, 13.0, 24.0, 27.0, 77.0, 42.0, 1.0, 12.0, 39.0	0
Q03770	52.0, 44.0, 37.0, 38.0, 7.0, 27.0, 37.0, 61.0, 18.0, 74.0, 72.0, 41.0, 20.0, 57.0, 26.0, 95.0, 50.0, 10.0, 41.0, 45.0	0
P09436	56.0, 46.0, 46.0, 78.0, 9.0, 24.0, 79.0, 57.0, 20.0, 67.0, 99.0, 93.0, 18.0, 53.0, 45.0, 71.0, 58.0, 22.0, 47.0, 84.0	0
P33332	57.0, 73.0, 102.0, 60.0, 9.0, 69.0, 150.0, 36.0, 28.0, 86.0, 132.0, 94.0, 28.0, 49.0, 46.0, 124.0, 75.0, 13.0, 37.0, 68.0	0
P33328	8.0, 8.0, 8.0, 7.0, 1.0, 4.0, 6.0, 5.0, 1.0, 10.0, 8.0, 7.0, 5.0, 3.0, 6.0, 9.0, 3.0, 2.0, 2.0, 12.0	0
P09959	37.0, 25.0, 71.0, 68.0, 6.0, 37.0, 72.0, 40.0, 18.0, 47.0, 96.0, 62.0, 17.0, 22.0, 33.0, 66.0, 38.0, 5.0, 17.0, 26.0	0
P38198	59.0, 44.0, 140.0, 91.0, 14.0, 58.0, 102.0, 28.0, 26.0, 112.0, 170.0, 131.0, 44.0, 83.0, 55.0, 154.0, 90.0, 9.0, 47.0, 56.0	0
P46677	51.0, 43.0, 79.0, 76.0, 4.0, 57.0, 71.0, 69.0, 28.0, 73.0, 88.0, 102.0, 27.0, 39.0, 42.0, 83.0, 56.0, 9.0, 29.0, 40.0	0
P32916	32.0, 19.0, 46.0, 42.0, 4.0, 35.0, 33.0, 43.0, 13.0, 30.0, 60.0, 54.0, 11.0, 30.0, 13.0, 52.0, 41.0, 5.0, 15.0, 43.0	0
P35207	75.0, 67.0, 73.0, 66.0, 12.0, 40.0, 119.0, 73.0, 26.0, 100.0, 117.0, 108.0, 33.0, 59.0, 56.0, 77.0, 71.0, 10.0, 29.0, 76.0	0
Q03529	22.0, 10.0, 13.0, 24.0, 7.0, 7.0, 23.0, 20.0, 21.0, 12.0, 46.0, 27.0, 9.0, 29.0, 18.0, 18.0, 21.0, 9.0, 24.0, 24.0	0
Q12469	27.0, 33.0, 41.0, 39.0, 9.0, 27.0, 44.0, 27.0, 17.0, 40.0, 63.0, 61.0, 14.0, 24.0, 30.0, 55.0, 31.0, 10.0, 21.0, 42.0	0
P34226	59.0, 30.0, 49.0, 34.0, 4.0, 36.0, 38.0, 43.0, 16.0, 22.0, 65.0, 60.0, 17.0, 22.0, 25.0, 80.0, 36.0, 5.0, 26.0, 29.0	0
P25302	41.0, 30.0, 148.0, 54.0, 7.0, 73.0, 56.0, 24.0, 23.0, 88.0, 80.0, 92.0, 26.0, 33.0, 54.0, 125.0, 69.0, 4.0, 28.0, 38.0	0
P34218	24.0, 55.0, 66.0, 59.0, 11.0, 24.0, 75.0, 30.0, 17.0, 58.0, 66.0, 69.0, 12.0, 37.0, 31.0, 67.0, 49.0, 12.0, 35.0, 34.0	0
P46995	39.0, 32.0, 43.0, 46.0, 17.0, 37.0, 65.0, 28.0, 14.0, 50.0, 63.0, 91.0, 12.0, 32.0, 29.0, 53.0, 29.0, 5.0, 20.0, 28.0	0
P07560	11.0, 7.0, 16.0, 14.0, 3.0, 6.0, 12.0, 20.0, 1.0, 19.0, 16.0, 19.0, 4.0, 10.0, 2.0, 19.0, 15.0, 2.0, 4.0, 15.0	1
P37297	121.0, 75.0, 90.0, 99.0, 28.0, 66.0, 104.0, 80.0, 44.0, 147.0, 227.0, 127.0, 35.0, 107.0, 71.0, 177.0, 123.0, 16.0, 69.0, 94.0	1
Q03497	54.0, 30.0, 72.0, 55.0, 7.0, 30.0, 57.0, 45.0, 21.0, 49.0, 62.0, 80.0, 23.0, 17.0, 67.0, 120.0, 78.0, 5.0, 18.0, 49.0	0
P43588	19.0, 12.0, 16.0, 18.0, 1.0, 14.0, 24.0, 19.0, 8.0, 13.0, 27.0, 24.0, 16.0, 6.0, 6.0, 21.0, 19.0, 3.0, 10.0, 30.0	0
P38255	18.0, 27.0, 41.0, 27.0, 0.0, 15.0, 45.0, 19.0, 5.0, 39.0, 42.0, 23.0, 7.0, 11.0, 15.0, 42.0, 23.0, 1.0, 9.0, 21.0	0
Q12234	20.0, 16.0, 31.0, 34.0, 0.0, 22.0, 80.0, 9.0, 10.0, 25.0, 53.0, 61.0, 10.0, 8.0, 10.0, 40.0, 24.0, 2.0, 6.0, 23.0	0
P32568	112.0, 60.0, 61.0, 66.0, 26.0, 51.0, 85.0, 103.0, 28.0, 99.0, 129.0, 93.0, 46.0, 92.0, 50.0, 134.0, 81.0, 17.0, 80.0, 88.0	0
P08153	22.0, 39.0, 63.0, 38.0, 9.0, 34.0, 48.0, 37.0, 13.0, 34.0, 59.0, 57.0, 14.0, 22.0, 44.0, 83.0, 43.0, 2.0, 20.0, 28.0	0
Q06677	35.0, 19.0, 53.0, 56.0, 2.0, 15.0, 47.0, 18.0, 9.0, 43.0, 59.0, 64.0, 14.0, 25.0, 39.0, 80.0, 45.0, 7.0, 15.0, 23.0	0
P30619	39.0, 37.0, 49.0, 46.0, 5.0, 31.0, 50.0, 23.0, 18.0, 62.0, 73.0, 57.0, 8.0, 42.0, 41.0, 49.0, 30.0, 3.0, 25.0, 36.0	1
P39929	17.0, 8.0, 19.0, 14.0, 0.0, 12.0, 35.0, 9.0, 3.0, 15.0, 22.0, 22.0, 10.0, 3.0, 5.0, 21.0, 12.0, 2.0, 0.0, 11.0	0
P39928	72.0, 57.0, 80.0, 64.0, 7.0, 38.0, 73.0, 73.0, 20.0, 78.0, 123.0, 79.0, 24.0, 48.0, 49.0, 134.0, 94.0, 5.0, 30.0, 72.0	0
P18480	43.0, 45.0, 57.0, 43.0, 4.0, 151.0, 36.0, 39.0, 18.0, 61.0, 71.0, 37.0, 14.0, 18.0, 81.0, 64.0, 58.0, 5.0, 24.0, 36.0	0
Q07084	45.0, 23.0, 52.0, 42.0, 4.0, 38.0, 35.0, 36.0, 15.0, 40.0, 61.0, 52.0, 10.0, 27.0, 51.0, 76.0, 45.0, 8.0, 14.0, 38.0	0
P32893	21.0, 21.0, 64.0, 19.0, 7.0, 24.0, 29.0, 21.0, 10.0, 38.0, 61.0, 36.0, 8.0, 26.0, 23.0, 66.0, 31.0, 5.0, 20.0, 30.0	0
P13574	33.0, 27.0, 54.0, 42.0, 7.0, 38.0, 41.0, 28.0, 9.0, 19.0, 48.0, 44.0, 19.0, 33.0, 65.0, 68.0, 42.0, 5.0, 32.0, 34.0	0
P40433	41.0, 49.0, 66.0, 60.0, 4.0, 24.0, 44.0, 40.0, 17.0, 48.0, 72.0, 62.0, 16.0, 30.0, 51.0, 81.0, 47.0, 6.0, 29.0, 40.0	0
P41832	113.0, 84.0, 121.0, 115.0, 10.0, 90.0, 170.0, 76.0, 38.0, 75.0, 208.0, 181.0, 53.0, 60.0, 96.0, 215.0, 103.0, 10.0, 42.0, 93.0	0
P36076	29.0, 24.0, 43.0, 41.0, 2.0, 41.0, 62.0, 20.0, 13.0, 39.0, 35.0, 46.0, 12.0, 18.0, 26.0, 44.0, 33.0, 5.0, 8.0, 30.0	0
Q07622	50.0, 18.0, 43.0, 27.0, 11.0, 30.0, 35.0, 38.0, 7.0, 29.0, 56.0, 51.0, 13.0, 22.0, 44.0, 58.0, 27.0, 7.0, 35.0, 22.0	0
P52910	56.0, 31.0, 27.0, 40.0, 6.0, 18.0, 40.0, 58.0, 22.0, 42.0, 49.0, 40.0, 11.0, 20.0, 36.0, 41.0, 42.0, 13.0, 31.0, 60.0	1
P32458	11.0, 31.0, 24.0, 28.0, 3.0, 15.0, 45.0, 23.0, 8.0, 37.0, 45.0, 20.0, 7.0, 12.0, 13.0, 34.0, 27.0, 2.0, 12.0, 18.0	0
P32789	21.0, 30.0, 44.0, 37.0, 11.0, 34.0, 26.0, 25.0, 23.0, 33.0, 79.0, 57.0, 10.0, 28.0, 21.0, 102.0, 42.0, 7.0, 16.0, 30.0	0
Q06706	93.0, 66.0, 60.0, 96.0, 14.0, 51.0, 118.0, 60.0, 24.0, 82.0, 130.0, 87.0, 26.0, 56.0, 45.0, 100.0, 70.0, 10.0, 54.0, 107.0	0
P12709	48.0, 10.0, 37.0, 25.0, 0.0, 20.0, 35.0, 41.0, 18.0, 30.0, 47.0, 40.0, 10.0, 34.0, 16.0, 38.0, 42.0, 9.0, 16.0, 38.0	0
P38753	30.0, 20.0, 28.0, 26.0, 2.0, 36.0, 32.0, 16.0, 10.0, 19.0, 43.0, 32.0, 12.0, 6.0, 31.0, 37.0, 21.0, 3.0, 19.0, 29.0	0
P10591	60.0, 26.0, 32.0, 49.0, 3.0, 23.0, 51.0, 50.0, 5.0, 40.0, 48.0, 53.0, 8.0, 28.0, 28.0, 41.0, 45.0, 1.0, 10.0, 41.0	0
P13902	5.0, 11.0, 7.0, 7.0, 0.0, 10.0, 16.0, 8.0, 2.0, 15.0, 15.0, 17.0, 1.0, 1.0, 5.0, 15.0, 4.0, 2.0, 3.0, 7.0	0
P11710	19.0, 21.0, 32.0, 24.0, 8.0, 21.0, 25.0, 19.0, 10.0, 35.0, 41.0, 41.0, 11.0, 11.0, 31.0, 62.0, 49.0, 7.0, 23.0, 22.0	0
P14742	45.0, 36.0, 30.0, 40.0, 16.0, 27.0, 53.0, 48.0, 21.0, 53.0, 76.0, 45.0, 11.0, 27.0, 27.0, 51.0, 34.0, 4.0, 21.0, 52.0	0
Q99383	24.0, 28.0, 54.0, 45.0, 2.0, 48.0, 26.0, 51.0, 6.0, 14.0, 19.0, 34.0, 24.0, 18.0, 29.0, 48.0, 29.0, 3.0, 19.0, 13.0	0
P32328	27.0, 45.0, 27.0, 42.0, 6.0, 20.0, 37.0, 26.0, 13.0, 23.0, 55.0, 40.0, 13.0, 32.0, 22.0, 42.0, 33.0, 5.0, 28.0, 28.0	0
P40087	31.0, 22.0, 19.0, 30.0, 3.0, 24.0, 25.0, 27.0, 3.0, 32.0, 51.0, 21.0, 13.0, 15.0, 26.0, 21.0, 39.0, 0.0, 10.0, 16.0	0
P25559	13.0, 17.0, 13.0, 25.0, 4.0, 15.0, 30.0, 15.0, 11.0, 27.0, 43.0, 32.0, 11.0, 20.0, 19.0, 28.0, 19.0, 6.0, 10.0, 22.0	0
Q04089	20.0, 29.0, 41.0, 36.0, 10.0, 22.0, 32.0, 28.0, 10.0, 38.0, 53.0, 56.0, 10.0, 22.0, 27.0, 58.0, 33.0, 2.0, 25.0, 30.0	0
Q12449	16.0, 9.0, 19.0, 15.0, 3.0, 14.0, 30.0, 20.0, 6.0, 19.0, 25.0, 36.0, 2.0, 22.0, 15.0, 40.0, 18.0, 7.0, 8.0, 26.0	0
P39113	75.0, 63.0, 143.0, 83.0, 16.0, 63.0, 60.0, 59.0, 26.0, 71.0, 159.0, 107.0, 37.0, 60.0, 70.0, 150.0, 98.0, 5.0, 34.0, 54.0	0
P53838	31.0, 23.0, 25.0, 26.0, 10.0, 18.0, 21.0, 32.0, 11.0, 44.0, 65.0, 26.0, 14.0, 52.0, 26.0, 48.0, 38.0, 6.0, 19.0, 41.0	0
Q04410	22.0, 15.0, 18.0, 30.0, 5.0, 24.0, 16.0, 23.0, 9.0, 21.0, 27.0, 17.0, 3.0, 18.0, 27.0, 34.0, 19.0, 3.0, 11.0, 30.0	0
P32361	40.0, 60.0, 69.0, 72.0, 14.0, 33.0, 72.0, 54.0, 25.0, 80.0, 124.0, 72.0, 26.0, 52.0, 54.0, 114.0, 49.0, 8.0, 39.0, 58.0	0
P17709	31.0, 22.0, 15.0, 32.0, 7.0, 19.0, 33.0, 38.0, 15.0, 27.0, 59.0, 32.0, 14.0, 19.0, 22.0, 33.0, 36.0, 2.0, 13.0, 31.0	0
Q12285	15.0, 3.0, 10.0, 10.0, 0.0, 12.0, 14.0, 5.0, 7.0, 11.0, 26.0, 26.0, 3.0, 6.0, 17.0, 17.0, 15.0, 2.0, 3.0, 10.0	0
P69771	18.0, 11.0, 16.0, 16.0, 1.0, 16.0, 17.0, 6.0, 0.0, 6.0, 20.0, 22.0, 11.0, 4.0, 1.0, 15.0, 7.0, 0.0, 2.0, 15.0	0
P32599	47.0, 33.0, 36.0, 46.0, 4.0, 26.0, 46.0, 39.0, 12.0, 44.0, 78.0, 41.0, 7.0, 23.0, 25.0, 36.0, 38.0, 9.0, 11.0, 41.0	0
Q05905	9.0, 9.0, 21.0, 12.0, 1.0, 7.0, 19.0, 18.0, 4.0, 10.0, 21.0, 14.0, 1.0, 14.0, 12.0, 21.0, 15.0, 7.0, 7.0, 22.0	0
Q12345	23.0, 8.0, 25.0, 20.0, 0.0, 13.0, 15.0, 6.0, 8.0, 15.0, 24.0, 22.0, 4.0, 10.0, 7.0, 14.0, 20.0, 1.0, 5.0, 10.0	0
P43132	22.0, 27.0, 30.0, 34.0, 7.0, 29.0, 43.0, 34.0, 9.0, 31.0, 38.0, 42.0, 8.0, 19.0, 19.0, 31.0, 23.0, 5.0, 29.0, 25.0	0
Q02887	26.0, 24.0, 49.0, 31.0, 14.0, 10.0, 27.0, 24.0, 8.0, 33.0, 37.0, 35.0, 10.0, 21.0, 18.0, 56.0, 30.0, 2.0, 13.0, 28.0	1
P80428	25.0, 20.0, 27.0, 24.0, 7.0, 14.0, 44.0, 30.0, 6.0, 30.0, 44.0, 37.0, 5.0, 17.0, 28.0, 43.0, 35.0, 9.0, 16.0, 28.0	0
P48562	43.0, 35.0, 56.0, 42.0, 10.0, 58.0, 34.0, 36.0, 26.0, 42.0, 63.0, 59.0, 21.0, 19.0, 71.0, 100.0, 50.0, 9.0, 25.0, 43.0	0
Q08965	69.0, 75.0, 51.0, 88.0, 6.0, 41.0, 118.0, 75.0, 23.0, 63.0, 82.0, 123.0, 33.0, 53.0, 54.0, 62.0, 66.0, 11.0, 29.0, 61.0	0
P22137	127.0, 52.0, 101.0, 100.0, 14.0, 74.0, 127.0, 67.0, 30.0, 128.0, 205.0, 118.0, 21.0, 67.0, 58.0, 101.0, 76.0, 14.0, 70.0, 103.0	0
P47117	33.0, 21.0, 28.0, 22.0, 5.0, 14.0, 29.0, 34.0, 6.0, 26.0, 33.0, 23.0, 5.0, 27.0, 22.0, 40.0, 28.0, 5.0, 15.0, 33.0	1
P38346	22.0, 26.0, 44.0, 27.0, 3.0, 18.0, 28.0, 29.0, 15.0, 36.0, 47.0, 34.0, 8.0, 26.0, 20.0, 75.0, 33.0, 5.0, 20.0, 29.0	0
P00830	54.0, 25.0, 11.0, 25.0, 1.0, 20.0, 38.0, 46.0, 7.0, 34.0, 48.0, 29.0, 8.0, 18.0, 25.0, 28.0, 37.0, 1.0, 11.0, 45.0	0
P40013	16.0, 15.0, 29.0, 16.0, 4.0, 13.0, 32.0, 33.0, 8.0, 23.0, 27.0, 21.0, 6.0, 11.0, 6.0, 24.0, 27.0, 3.0, 13.0, 17.0	0
Q12365	11.0, 32.0, 28.0, 31.0, 2.0, 19.0, 36.0, 16.0, 9.0, 15.0, 39.0, 30.0, 6.0, 16.0, 15.0, 33.0, 19.0, 2.0, 17.0, 9.0	0
P50077	96.0, 108.0, 120.0, 91.0, 26.0, 57.0, 105.0, 106.0, 33.0, 168.0, 202.0, 105.0, 53.0, 145.0, 89.0, 192.0, 98.0, 34.0, 101.0, 110.0	0
P35206	24.0, 11.0, 25.0, 14.0, 7.0, 11.0, 15.0, 24.0, 4.0, 36.0, 49.0, 18.0, 15.0, 23.0, 17.0, 41.0, 26.0, 8.0, 12.0, 30.0	0
P22035	32.0, 38.0, 67.0, 50.0, 3.0, 31.0, 46.0, 51.0, 26.0, 40.0, 65.0, 60.0, 16.0, 16.0, 52.0, 107.0, 59.0, 10.0, 14.0, 28.0	0
P41696	38.0, 36.0, 129.0, 47.0, 8.0, 71.0, 41.0, 53.0, 23.0, 36.0, 51.0, 50.0, 17.0, 38.0, 61.0, 111.0, 57.0, 0.0, 19.0, 28.0	0
P29366	29.0, 19.0, 33.0, 37.0, 4.0, 24.0, 30.0, 32.0, 7.0, 33.0, 43.0, 54.0, 6.0, 23.0, 21.0, 60.0, 35.0, 5.0, 22.0, 34.0	0
P04821	74.0, 66.0, 136.0, 93.0, 12.0, 45.0, 94.0, 50.0, 33.0, 102.0, 143.0, 115.0, 31.0, 74.0, 65.0, 213.0, 107.0, 12.0, 49.0, 75.0	0
P53854	10.0, 8.0, 8.0, 13.0, 0.0, 9.0, 13.0, 6.0, 0.0, 5.0, 23.0, 30.0, 5.0, 1.0, 10.0, 18.0, 11.0, 3.0, 3.0, 3.0	0
P14922	122.0, 28.0, 50.0, 34.0, 5.0, 166.0, 68.0, 29.0, 22.0, 33.0, 71.0, 32.0, 15.0, 11.0, 67.0, 69.0, 59.0, 10.0, 32.0, 43.0	0
P38903	33.0, 29.0, 52.0, 33.0, 8.0, 32.0, 62.0, 23.0, 18.0, 47.0, 64.0, 54.0, 13.0, 36.0, 42.0, 102.0, 48.0, 5.0, 19.0, 37.0	0
P31787	8.0, 1.0, 4.0, 6.0, 0.0, 4.0, 11.0, 3.0, 0.0, 3.0, 9.0, 12.0, 2.0, 2.0, 3.0, 5.0, 3.0, 2.0, 5.0, 4.0	0
Q12471	13.0, 14.0, 36.0, 26.0, 8.0, 12.0, 23.0, 14.0, 12.0, 29.0, 36.0, 22.0, 4.0, 32.0, 13.0, 48.0, 24.0, 0.0, 15.0, 16.0	0
P36122	28.0, 37.0, 42.0, 48.0, 20.0, 23.0, 50.0, 28.0, 11.0, 65.0, 98.0, 47.0, 19.0, 37.0, 29.0, 71.0, 34.0, 10.0, 30.0, 38.0	0
P24869	24.0, 23.0, 35.0, 25.0, 5.0, 22.0, 43.0, 20.0, 13.0, 31.0, 49.0, 40.0, 11.0, 21.0, 19.0, 42.0, 24.0, 4.0, 14.0, 26.0	0
O13297	28.0, 24.0, 41.0, 43.0, 2.0, 25.0, 44.0, 21.0, 10.0, 40.0, 38.0, 49.0, 7.0, 15.0, 28.0, 59.0, 30.0, 3.0, 15.0, 27.0	0
P53731	18.0, 20.0, 11.0, 18.0, 3.0, 22.0, 26.0, 11.0, 9.0, 26.0, 37.0, 21.0, 4.0, 22.0, 14.0, 25.0, 22.0, 1.0, 12.0, 20.0	0
P48524	40.0, 47.0, 67.0, 63.0, 12.0, 27.0, 50.0, 49.0, 32.0, 67.0, 97.0, 78.0, 13.0, 37.0, 49.0, 118.0, 59.0, 6.0, 23.0, 42.0	0
Q04749	15.0, 27.0, 40.0, 22.0, 6.0, 7.0, 19.0, 33.0, 13.0, 25.0, 45.0, 27.0, 8.0, 8.0, 27.0, 42.0, 22.0, 3.0, 12.0, 25.0	0
P08004	50.0, 52.0, 92.0, 58.0, 16.0, 42.0, 67.0, 58.0, 22.0, 78.0, 95.0, 57.0, 29.0, 66.0, 45.0, 102.0, 65.0, 14.0, 62.0, 61.0	0
P11433	37.0, 34.0, 70.0, 36.0, 7.0, 40.0, 54.0, 17.0, 25.0, 62.0, 84.0, 62.0, 22.0, 41.0, 31.0, 127.0, 46.0, 6.0, 18.0, 35.0	0
P53968	25.0, 34.0, 81.0, 60.0, 7.0, 41.0, 30.0, 29.0, 15.0, 29.0, 57.0, 44.0, 9.0, 22.0, 27.0, 92.0, 38.0, 2.0, 20.0, 16.0	0
P38316	7.0, 9.0, 12.0, 7.0, 3.0, 16.0, 15.0, 7.0, 3.0, 15.0, 13.0, 12.0, 6.0, 7.0, 5.0, 27.0, 9.0, 1.0, 4.0, 8.0	1
P43601	27.0, 23.0, 25.0, 33.0, 4.0, 13.0, 26.0, 29.0, 10.0, 43.0, 37.0, 23.0, 18.0, 20.0, 22.0, 65.0, 39.0, 0.0, 18.0, 25.0	1
P41695	36.0, 51.0, 73.0, 54.0, 7.0, 50.0, 85.0, 44.0, 20.0, 62.0, 97.0, 80.0, 22.0, 44.0, 50.0, 82.0, 66.0, 10.0, 40.0, 48.0	0
P43571	52.0, 38.0, 66.0, 47.0, 9.0, 32.0, 51.0, 41.0, 24.0, 87.0, 135.0, 51.0, 25.0, 67.0, 46.0, 90.0, 53.0, 15.0, 43.0, 57.0	0
P25342	16.0, 22.0, 18.0, 18.0, 1.0, 13.0, 29.0, 14.0, 8.0, 30.0, 30.0, 16.0, 4.0, 16.0, 9.0, 24.0, 24.0, 2.0, 10.0, 18.0	0
P25618	63.0, 31.0, 34.0, 41.0, 9.0, 25.0, 41.0, 66.0, 25.0, 73.0, 107.0, 34.0, 24.0, 65.0, 41.0, 70.0, 63.0, 23.0, 54.0, 64.0	0
Q08923	31.0, 41.0, 23.0, 46.0, 7.0, 25.0, 57.0, 23.0, 6.0, 18.0, 23.0, 32.0, 12.0, 8.0, 19.0, 58.0, 40.0, 4.0, 10.0, 23.0	0
P14164	33.0, 20.0, 107.0, 83.0, 3.0, 23.0, 45.0, 34.0, 39.0, 35.0, 46.0, 48.0, 11.0, 14.0, 24.0, 71.0, 35.0, 2.0, 18.0, 40.0	0
P36049	28.0, 27.0, 14.0, 34.0, 0.0, 20.0, 70.0, 16.0, 11.0, 8.0, 30.0, 70.0, 8.0, 12.0, 8.0, 30.0, 14.0, 1.0, 5.0, 21.0	0
P41813	57.0, 31.0, 115.0, 31.0, 2.0, 52.0, 33.0, 51.0, 16.0, 51.0, 62.0, 48.0, 21.0, 21.0, 56.0, 102.0, 55.0, 6.0, 25.0, 27.0	0
P38041	50.0, 44.0, 62.0, 46.0, 4.0, 42.0, 69.0, 40.0, 26.0, 44.0, 65.0, 88.0, 15.0, 38.0, 55.0, 154.0, 70.0, 6.0, 26.0, 36.0	0
P33306	35.0, 37.0, 83.0, 47.0, 4.0, 31.0, 40.0, 36.0, 23.0, 29.0, 50.0, 51.0, 23.0, 31.0, 53.0, 144.0, 72.0, 2.0, 23.0, 37.0	0
P27636	53.0, 33.0, 64.0, 58.0, 13.0, 27.0, 42.0, 28.0, 23.0, 82.0, 111.0, 70.0, 17.0, 51.0, 42.0, 103.0, 60.0, 11.0, 33.0, 53.0	0
P53168	13.0, 15.0, 27.0, 12.0, 1.0, 10.0, 10.0, 12.0, 6.0, 17.0, 19.0, 21.0, 5.0, 4.0, 13.0, 28.0, 16.0, 2.0, 4.0, 12.0	0
Q01389	68.0, 59.0, 91.0, 77.0, 6.0, 43.0, 76.0, 52.0, 30.0, 73.0, 110.0, 143.0, 27.0, 58.0, 102.0, 236.0, 112.0, 13.0, 38.0, 64.0	1
P53836	59.0, 53.0, 85.0, 55.0, 9.0, 46.0, 55.0, 56.0, 26.0, 40.0, 78.0, 73.0, 20.0, 34.0, 93.0, 124.0, 54.0, 9.0, 43.0, 48.0	0
Q12145	11.0, 11.0, 23.0, 9.0, 8.0, 15.0, 13.0, 12.0, 9.0, 14.0, 20.0, 22.0, 10.0, 8.0, 31.0, 39.0, 28.0, 2.0, 14.0, 18.0	0
P39517	29.0, 23.0, 28.0, 23.0, 7.0, 41.0, 28.0, 24.0, 15.0, 36.0, 49.0, 30.0, 13.0, 25.0, 34.0, 24.0, 35.0, 2.0, 14.0, 26.0	0
Q12432	17.0, 18.0, 16.0, 24.0, 6.0, 18.0, 27.0, 25.0, 8.0, 22.0, 46.0, 37.0, 10.0, 8.0, 18.0, 51.0, 12.0, 6.0, 16.0, 16.0	0
Q99299	39.0, 48.0, 64.0, 45.0, 4.0, 19.0, 62.0, 20.0, 9.0, 39.0, 51.0, 55.0, 16.0, 16.0, 34.0, 116.0, 50.0, 0.0, 26.0, 45.0	0
P11076	11.0, 12.0, 12.0, 7.0, 1.0, 5.0, 14.0, 15.0, 2.0, 11.0, 19.0, 9.0, 6.0, 8.0, 3.0, 12.0, 12.0, 5.0, 5.0, 12.0	0
P53890	24.0, 16.0, 39.0, 41.0, 3.0, 22.0, 42.0, 28.0, 9.0, 26.0, 26.0, 39.0, 8.0, 10.0, 16.0, 43.0, 22.0, 2.0, 7.0, 25.0	0
P20438	18.0, 21.0, 51.0, 21.0, 9.0, 31.0, 35.0, 24.0, 12.0, 39.0, 47.0, 23.0, 18.0, 21.0, 30.0, 60.0, 30.0, 4.0, 21.0, 30.0	0
P14180	66.0, 49.0, 50.0, 48.0, 12.0, 36.0, 50.0, 45.0, 21.0, 53.0, 89.0, 61.0, 24.0, 57.0, 43.0, 89.0, 50.0, 17.0, 43.0, 60.0	0
P46963	11.0, 14.0, 16.0, 28.0, 4.0, 14.0, 15.0, 1.0, 11.0, 16.0, 35.0, 22.0, 5.0, 12.0, 10.0, 24.0, 31.0, 4.0, 13.0, 10.0	0
P47027	20.0, 27.0, 59.0, 47.0, 11.0, 32.0, 32.0, 28.0, 18.0, 77.0, 68.0, 69.0, 11.0, 38.0, 37.0, 81.0, 51.0, 8.0, 23.0, 27.0	0
P32801	20.0, 31.0, 38.0, 40.0, 14.0, 26.0, 38.0, 29.0, 11.0, 51.0, 53.0, 52.0, 9.0, 24.0, 31.0, 76.0, 39.0, 9.0, 13.0, 36.0	0
P29465	59.0, 46.0, 59.0, 84.0, 22.0, 35.0, 54.0, 62.0, 23.0, 73.0, 102.0, 83.0, 30.0, 56.0, 55.0, 105.0, 73.0, 23.0, 41.0, 80.0	0
P25694	81.0, 51.0, 42.0, 69.0, 4.0, 20.0, 73.0, 59.0, 11.0, 51.0, 69.0, 49.0, 23.0, 28.0, 41.0, 40.0, 39.0, 3.0, 18.0, 64.0	1
P10614	30.0, 25.0, 18.0, 25.0, 4.0, 17.0, 31.0, 34.0, 18.0, 33.0, 52.0, 37.0, 18.0, 27.0, 30.0, 32.0, 28.0, 7.0, 29.0, 35.0	0
P29704	21.0, 18.0, 22.0, 27.0, 8.0, 18.0, 33.0, 16.0, 14.0, 32.0, 64.0, 29.0, 11.0, 22.0, 16.0, 21.0, 20.0, 3.0, 23.0, 26.0	0
Q06336	33.0, 22.0, 34.0, 41.0, 4.0, 28.0, 41.0, 22.0, 6.0, 31.0, 70.0, 50.0, 9.0, 14.0, 29.0, 55.0, 27.0, 2.0, 14.0, 25.0	0
P48361	72.0, 37.0, 87.0, 53.0, 7.0, 67.0, 45.0, 58.0, 32.0, 61.0, 80.0, 90.0, 25.0, 41.0, 67.0, 140.0, 89.0, 5.0, 43.0, 47.0	0
P22007	29.0, 21.0, 19.0, 26.0, 15.0, 14.0, 26.0, 32.0, 10.0, 27.0, 45.0, 25.0, 8.0, 14.0, 19.0, 34.0, 20.0, 7.0, 19.0, 21.0	0
P06787	12.0, 3.0, 9.0, 12.0, 0.0, 6.0, 18.0, 8.0, 2.0, 8.0, 18.0, 8.0, 5.0, 8.0, 1.0, 18.0, 4.0, 0.0, 0.0, 7.0	0
P36130	29.0, 30.0, 37.0, 50.0, 7.0, 21.0, 47.0, 35.0, 19.0, 47.0, 71.0, 42.0, 13.0, 21.0, 22.0, 52.0, 45.0, 9.0, 16.0, 30.0	0
P89105	73.0, 44.0, 74.0, 65.0, 7.0, 50.0, 108.0, 34.0, 23.0, 58.0, 135.0, 113.0, 20.0, 39.0, 23.0, 79.0, 47.0, 10.0, 42.0, 33.0	0
P00546	17.0, 20.0, 8.0, 23.0, 4.0, 10.0, 16.0, 21.0, 7.0, 23.0, 36.0, 22.0, 5.0, 12.0, 17.0, 15.0, 7.0, 4.0, 13.0, 18.0	0
P06634	45.0, 43.0, 46.0, 36.0, 4.0, 19.0, 29.0, 69.0, 8.0, 27.0, 44.0, 23.0, 11.0, 29.0, 30.0, 56.0, 30.0, 7.0, 16.0, 32.0	0
Q12452	18.0, 13.0, 23.0, 22.0, 1.0, 12.0, 15.0, 19.0, 3.0, 28.0, 34.0, 26.0, 7.0, 18.0, 13.0, 19.0, 22.0, 4.0, 22.0, 28.0	0
Q03063	36.0, 24.0, 33.0, 21.0, 1.0, 19.0, 28.0, 26.0, 12.0, 16.0, 19.0, 28.0, 14.0, 9.0, 37.0, 65.0, 30.0, 2.0, 16.0, 16.0	0
P38260	20.0, 9.0, 23.0, 23.0, 2.0, 9.0, 22.0, 12.0, 4.0, 22.0, 42.0, 24.0, 8.0, 9.0, 10.0, 20.0, 9.0, 2.0, 6.0, 14.0	0
P53197	31.0, 36.0, 32.0, 34.0, 6.0, 17.0, 25.0, 32.0, 17.0, 26.0, 49.0, 29.0, 11.0, 17.0, 29.0, 75.0, 39.0, 9.0, 15.0, 37.0	0
P60010	26.0, 18.0, 9.0, 20.0, 4.0, 14.0, 27.0, 29.0, 10.0, 30.0, 25.0, 18.0, 16.0, 14.0, 19.0, 31.0, 21.0, 4.0, 14.0, 26.0	0
P25568	29.0, 15.0, 20.0, 22.0, 5.0, 16.0, 14.0, 35.0, 6.0, 45.0, 63.0, 25.0, 13.0, 40.0, 16.0, 62.0, 24.0, 13.0, 18.0, 47.0	1
P41697	43.0, 38.0, 51.0, 52.0, 5.0, 36.0, 62.0, 32.0, 14.0, 40.0, 75.0, 77.0, 21.0, 24.0, 34.0, 72.0, 50.0, 4.0, 13.0, 45.0	0
P27637	35.0, 25.0, 50.0, 83.0, 3.0, 25.0, 68.0, 33.0, 16.0, 28.0, 43.0, 44.0, 13.0, 21.0, 30.0, 102.0, 32.0, 4.0, 21.0, 33.0	0
P35203	15.0, 30.0, 32.0, 29.0, 6.0, 13.0, 31.0, 14.0, 8.0, 39.0, 51.0, 43.0, 7.0, 26.0, 14.0, 39.0, 20.0, 9.0, 21.0, 31.0	0
P17106	29.0, 19.0, 27.0, 28.0, 1.0, 21.0, 42.0, 17.0, 9.0, 14.0, 27.0, 29.0, 7.0, 0.0, 9.0, 33.0, 21.0, 2.0, 8.0, 8.0	0
P53104	59.0, 37.0, 65.0, 44.0, 12.0, 36.0, 72.0, 32.0, 25.0, 46.0, 107.0, 68.0, 17.0, 36.0, 35.0, 86.0, 42.0, 5.0, 31.0, 42.0	1
P07251	61.0, 35.0, 18.0, 21.0, 1.0, 26.0, 37.0, 47.0, 6.0, 30.0, 65.0, 29.0, 3.0, 15.0, 21.0, 43.0, 27.0, 2.0, 14.0, 44.0	0
Q00684	37.0, 31.0, 44.0, 31.0, 7.0, 21.0, 28.0, 36.0, 18.0, 34.0, 42.0, 30.0, 9.0, 28.0, 27.0, 44.0, 29.0, 4.0, 21.0, 30.0	0
P07248	57.0, 61.0, 120.0, 86.0, 22.0, 37.0, 75.0, 46.0, 37.0, 74.0, 147.0, 86.0, 29.0, 75.0, 48.0, 151.0, 71.0, 4.0, 49.0, 48.0	0
P32381	22.0, 25.0, 10.0, 26.0, 3.0, 13.0, 28.0, 28.0, 7.0, 20.0, 39.0, 21.0, 13.0, 16.0, 23.0, 28.0, 17.0, 5.0, 14.0, 33.0	1
P41698	27.0, 35.0, 36.0, 31.0, 5.0, 19.0, 46.0, 34.0, 16.0, 42.0, 39.0, 31.0, 10.0, 19.0, 39.0, 90.0, 43.0, 3.0, 10.0, 28.0	0
P53886	85.0, 72.0, 90.0, 111.0, 20.0, 59.0, 99.0, 95.0, 32.0, 132.0, 206.0, 108.0, 36.0, 78.0, 72.0, 189.0, 95.0, 19.0, 60.0, 90.0	0
P12962	11.0, 7.0, 8.0, 12.0, 1.0, 4.0, 18.0, 7.0, 8.0, 9.0, 9.0, 16.0, 1.0, 8.0, 8.0, 10.0, 13.0, 1.0, 1.0, 9.0	0
P40094	36.0, 36.0, 44.0, 67.0, 10.0, 36.0, 54.0, 16.0, 10.0, 59.0, 91.0, 66.0, 9.0, 37.0, 20.0, 68.0, 53.0, 2.0, 38.0, 49.0	1
P35732	63.0, 7.0, 46.0, 26.0, 0.0, 171.0, 64.0, 28.0, 16.0, 13.0, 20.0, 49.0, 7.0, 12.0, 53.0, 56.0, 33.0, 4.0, 38.0, 32.0	0
Q01722	30.0, 27.0, 62.0, 26.0, 1.0, 29.0, 22.0, 42.0, 4.0, 28.0, 45.0, 26.0, 15.0, 11.0, 21.0, 65.0, 49.0, 4.0, 12.0, 15.0	0
Q02884	21.0, 28.0, 19.0, 24.0, 0.0, 18.0, 28.0, 27.0, 14.0, 34.0, 44.0, 35.0, 12.0, 14.0, 28.0, 47.0, 27.0, 3.0, 10.0, 23.0	0
Q03048	11.0, 7.0, 6.0, 12.0, 1.0, 1.0, 10.0, 9.0, 1.0, 5.0, 11.0, 11.0, 2.0, 8.0, 4.0, 16.0, 8.0, 1.0, 7.0, 12.0	0
P53911	13.0, 24.0, 31.0, 29.0, 1.0, 14.0, 72.0, 18.0, 9.0, 17.0, 22.0, 55.0, 8.0, 6.0, 17.0, 34.0, 26.0, 4.0, 8.0, 17.0	0
P38248	42.0, 3.0, 38.0, 19.0, 4.0, 16.0, 10.0, 29.0, 0.0, 27.0, 42.0, 19.0, 4.0, 20.0, 5.0, 85.0, 37.0, 1.0, 1.0, 27.0	0
P13586	60.0, 35.0, 58.0, 57.0, 14.0, 22.0, 58.0, 55.0, 13.0, 74.0, 105.0, 63.0, 31.0, 43.0, 35.0, 75.0, 66.0, 4.0, 12.0, 70.0	0
P36106	31.0, 25.0, 29.0, 52.0, 10.0, 13.0, 64.0, 25.0, 14.0, 37.0, 44.0, 67.0, 9.0, 19.0, 23.0, 51.0, 26.0, 1.0, 25.0, 29.0	0
P32468	28.0, 29.0, 20.0, 22.0, 2.0, 26.0, 36.0, 21.0, 11.0, 25.0, 36.0, 30.0, 6.0, 16.0, 20.0, 16.0, 26.0, 3.0, 10.0, 24.0	0
Q06096	45.0, 32.0, 62.0, 54.0, 4.0, 48.0, 56.0, 19.0, 18.0, 66.0, 107.0, 63.0, 15.0, 43.0, 19.0, 84.0, 45.0, 9.0, 21.0, 51.0	0
Q08496	20.0, 39.0, 58.0, 40.0, 19.0, 36.0, 41.0, 26.0, 11.0, 58.0, 94.0, 64.0, 18.0, 35.0, 25.0, 47.0, 40.0, 6.0, 22.0, 33.0	0
P38332	21.0, 14.0, 22.0, 34.0, 14.0, 15.0, 15.0, 23.0, 11.0, 28.0, 36.0, 21.0, 9.0, 17.0, 11.0, 34.0, 23.0, 6.0, 11.0, 22.0	0
P36037	38.0, 19.0, 45.0, 54.0, 8.0, 26.0, 42.0, 45.0, 10.0, 51.0, 61.0, 49.0, 8.0, 26.0, 22.0, 69.0, 40.0, 14.0, 25.0, 63.0	0
P14020	17.0, 13.0, 9.0, 12.0, 3.0, 10.0, 16.0, 17.0, 6.0, 17.0, 29.0, 16.0, 8.0, 17.0, 15.0, 16.0, 12.0, 2.0, 13.0, 19.0	0
P16474	57.0, 20.0, 34.0, 59.0, 1.0, 21.0, 55.0, 53.0, 8.0, 43.0, 62.0, 60.0, 9.0, 25.0, 20.0, 39.0, 40.0, 1.0, 18.0, 57.0	0
P47134	28.0, 49.0, 82.0, 82.0, 12.0, 36.0, 69.0, 41.0, 19.0, 64.0, 68.0, 91.0, 16.0, 35.0, 41.0, 95.0, 55.0, 6.0, 20.0, 45.0	0
P35201	22.0, 30.0, 34.0, 61.0, 1.0, 18.0, 52.0, 24.0, 4.0, 34.0, 34.0, 47.0, 6.0, 21.0, 28.0, 52.0, 32.0, 2.0, 18.0, 29.0	0
Q00362	26.0, 22.0, 54.0, 38.0, 5.0, 16.0, 31.0, 25.0, 15.0, 37.0, 36.0, 38.0, 9.0, 29.0, 13.0, 58.0, 31.0, 6.0, 15.0, 22.0	0
Q06697	17.0, 20.0, 27.0, 23.0, 3.0, 17.0, 26.0, 23.0, 10.0, 24.0, 35.0, 30.0, 5.0, 14.0, 16.0, 37.0, 22.0, 7.0, 10.0, 27.0	0
P48582	47.0, 31.0, 47.0, 59.0, 9.0, 39.0, 74.0, 25.0, 12.0, 47.0, 93.0, 79.0, 12.0, 48.0, 37.0, 77.0, 39.0, 8.0, 31.0, 30.0	0
P20437	18.0, 20.0, 50.0, 26.0, 9.0, 33.0, 32.0, 22.0, 12.0, 41.0, 45.0, 26.0, 15.0, 21.0, 23.0, 63.0, 35.0, 5.0, 23.0, 27.0	0
P40558	9.0, 7.0, 8.0, 13.0, 6.0, 11.0, 23.0, 27.0, 4.0, 25.0, 24.0, 23.0, 8.0, 10.0, 18.0, 28.0, 18.0, 3.0, 5.0, 23.0	0
P43621	45.0, 25.0, 26.0, 35.0, 1.0, 25.0, 42.0, 24.0, 14.0, 39.0, 41.0, 28.0, 12.0, 23.0, 24.0, 64.0, 29.0, 2.0, 16.0, 31.0	0
P09624	45.0, 17.0, 25.0, 24.0, 5.0, 13.0, 38.0, 48.0, 14.0, 40.0, 37.0, 47.0, 9.0, 17.0, 15.0, 24.0, 27.0, 1.0, 10.0, 43.0	0
Q07533	47.0, 43.0, 61.0, 39.0, 11.0, 24.0, 58.0, 39.0, 19.0, 58.0, 73.0, 72.0, 20.0, 37.0, 57.0, 97.0, 38.0, 13.0, 37.0, 42.0	0
P05453	43.0, 18.0, 45.0, 30.0, 5.0, 53.0, 57.0, 60.0, 13.0, 32.0, 35.0, 66.0, 19.0, 16.0, 30.0, 35.0, 39.0, 4.0, 35.0, 50.0	0
P31384	51.0, 25.0, 74.0, 50.0, 9.0, 61.0, 35.0, 44.0, 26.0, 34.0, 92.0, 52.0, 22.0, 40.0, 46.0, 55.0, 51.0, 10.0, 26.0, 34.0	0
P15365	49.0, 18.0, 25.0, 18.0, 8.0, 13.0, 27.0, 29.0, 6.0, 47.0, 54.0, 34.0, 18.0, 31.0, 19.0, 45.0, 28.0, 12.0, 23.0, 39.0	0
P40209	27.0, 24.0, 69.0, 27.0, 5.0, 36.0, 18.0, 14.0, 27.0, 36.0, 42.0, 27.0, 7.0, 20.0, 44.0, 57.0, 46.0, 1.0, 16.0, 17.0	0
P38310	28.0, 14.0, 21.0, 20.0, 7.0, 13.0, 27.0, 35.0, 6.0, 39.0, 51.0, 25.0, 9.0, 27.0, 13.0, 55.0, 21.0, 7.0, 18.0, 29.0	0
Q03254	28.0, 25.0, 36.0, 77.0, 9.0, 42.0, 60.0, 36.0, 16.0, 41.0, 70.0, 51.0, 15.0, 22.0, 40.0, 46.0, 42.0, 10.0, 22.0, 44.0	0
P00549	43.0, 24.0, 26.0, 32.0, 7.0, 10.0, 28.0, 34.0, 7.0, 37.0, 35.0, 37.0, 11.0, 15.0, 25.0, 27.0, 38.0, 1.0, 15.0, 48.0	0
P38620	27.0, 15.0, 15.0, 23.0, 6.0, 8.0, 15.0, 19.0, 11.0, 29.0, 32.0, 17.0, 7.0, 8.0, 11.0, 23.0, 19.0, 0.0, 8.0, 25.0	0
P32873	45.0, 44.0, 76.0, 61.0, 7.0, 43.0, 69.0, 42.0, 25.0, 69.0, 115.0, 78.0, 15.0, 39.0, 71.0, 161.0, 85.0, 2.0, 27.0, 54.0	0
P39960	88.0, 89.0, 172.0, 132.0, 16.0, 78.0, 107.0, 71.0, 63.0, 157.0, 205.0, 162.0, 45.0, 105.0, 87.0, 279.0, 132.0, 19.0, 58.0, 102.0	0
P06244	14.0, 20.0, 17.0, 24.0, 2.0, 23.0, 36.0, 27.0, 8.0, 24.0, 32.0, 28.0, 8.0, 20.0, 19.0, 23.0, 25.0, 5.0, 22.0, 20.0	1
P38140	22.0, 27.0, 45.0, 21.0, 17.0, 17.0, 31.0, 14.0, 13.0, 40.0, 44.0, 35.0, 15.0, 18.0, 34.0, 55.0, 32.0, 5.0, 19.0, 25.0	0
P22696	7.0, 14.0, 4.0, 13.0, 2.0, 5.0, 13.0, 11.0, 8.0, 7.0, 11.0, 15.0, 2.0, 6.0, 8.0, 18.0, 10.0, 3.0, 3.0, 10.0	0
P38011	35.0, 10.0, 15.0, 25.0, 2.0, 12.0, 9.0, 22.0, 7.0, 16.0, 29.0, 19.0, 7.0, 10.0, 8.0, 28.0, 23.0, 11.0, 7.0, 24.0	0
Q06636	9.0, 6.0, 9.0, 9.0, 4.0, 4.0, 2.0, 11.0, 4.0, 15.0, 28.0, 15.0, 4.0, 15.0, 12.0, 10.0, 18.0, 7.0, 14.0, 23.0	0
P54839	32.0, 17.0, 27.0, 33.0, 8.0, 21.0, 23.0, 34.0, 8.0, 29.0, 42.0, 43.0, 8.0, 18.0, 16.0, 35.0, 31.0, 4.0, 28.0, 34.0	0
P32895	30.0, 26.0, 18.0, 35.0, 8.0, 15.0, 27.0, 32.0, 12.0, 37.0, 35.0, 23.0, 11.0, 10.0, 15.0, 33.0, 17.0, 1.0, 10.0, 32.0	0
P36224	12.0, 25.0, 21.0, 29.0, 2.0, 27.0, 52.0, 11.0, 2.0, 27.0, 44.0, 35.0, 9.0, 7.0, 6.0, 28.0, 12.0, 1.0, 6.0, 17.0	0
Q12446	61.0, 31.0, 40.0, 26.0, 1.0, 41.0, 22.0, 39.0, 11.0, 18.0, 42.0, 24.0, 9.0, 21.0, 112.0, 47.0, 47.0, 3.0, 11.0, 27.0	0
P38715	17.0, 10.0, 13.0, 19.0, 6.0, 12.0, 22.0, 22.0, 11.0, 24.0, 36.0, 29.0, 4.0, 16.0, 15.0, 18.0, 16.0, 5.0, 12.0, 20.0	0
P22517	24.0, 20.0, 22.0, 33.0, 3.0, 15.0, 36.0, 27.0, 10.0, 29.0, 47.0, 40.0, 7.0, 16.0, 16.0, 32.0, 20.0, 4.0, 13.0, 33.0	0
P31385	25.0, 20.0, 24.0, 33.0, 6.0, 23.0, 55.0, 9.0, 10.0, 21.0, 37.0, 28.0, 9.0, 7.0, 18.0, 26.0, 22.0, 2.0, 16.0, 14.0	0
P41913	29.0, 15.0, 51.0, 26.0, 1.0, 22.0, 27.0, 18.0, 7.0, 22.0, 49.0, 42.0, 15.0, 13.0, 31.0, 93.0, 32.0, 3.0, 10.0, 16.0	0
P34756	93.0, 106.0, 184.0, 133.0, 26.0, 79.0, 130.0, 88.0, 60.0, 140.0, 190.0, 174.0, 42.0, 83.0, 106.0, 279.0, 165.0, 18.0, 79.0, 103.0	0
Q12114	47.0, 14.0, 49.0, 42.0, 5.0, 20.0, 97.0, 24.0, 14.0, 30.0, 39.0, 55.0, 7.0, 10.0, 44.0, 61.0, 49.0, 3.0, 6.0, 55.0	0
P53959	26.0, 30.0, 64.0, 63.0, 5.0, 41.0, 64.0, 18.0, 10.0, 63.0, 118.0, 73.0, 18.0, 38.0, 27.0, 70.0, 44.0, 2.0, 26.0, 39.0	0
P53769	9.0, 11.0, 16.0, 22.0, 10.0, 10.0, 18.0, 13.0, 5.0, 5.0, 23.0, 41.0, 6.0, 10.0, 5.0, 22.0, 15.0, 2.0, 6.0, 10.0	0
P38682	26.0, 21.0, 45.0, 42.0, 4.0, 27.0, 24.0, 28.0, 6.0, 15.0, 31.0, 48.0, 9.0, 27.0, 14.0, 57.0, 38.0, 3.0, 9.0, 19.0	0
P53088	30.0, 22.0, 17.0, 19.0, 13.0, 11.0, 20.0, 22.0, 6.0, 23.0, 35.0, 29.0, 8.0, 12.0, 9.0, 29.0, 16.0, 1.0, 14.0, 23.0	0
P38261	34.0, 43.0, 66.0, 53.0, 6.0, 37.0, 46.0, 22.0, 11.0, 45.0, 83.0, 58.0, 20.0, 27.0, 31.0, 81.0, 38.0, 4.0, 12.0, 36.0	0
P38631	138.0, 102.0, 77.0, 89.0, 33.0, 80.0, 100.0, 118.0, 43.0, 134.0, 175.0, 82.0, 55.0, 115.0, 86.0, 114.0, 102.0, 37.0, 99.0, 97.0	0
P38856	43.0, 20.0, 53.0, 25.0, 1.0, 73.0, 29.0, 31.0, 18.0, 35.0, 50.0, 30.0, 13.0, 25.0, 33.0, 44.0, 49.0, 1.0, 27.0, 37.0	0
P32448	33.0, 23.0, 29.0, 26.0, 4.0, 33.0, 43.0, 12.0, 16.0, 21.0, 68.0, 56.0, 7.0, 6.0, 23.0, 56.0, 29.0, 0.0, 15.0, 25.0	0
Q08236	42.0, 50.0, 99.0, 94.0, 6.0, 32.0, 73.0, 68.0, 33.0, 59.0, 87.0, 104.0, 29.0, 40.0, 43.0, 145.0, 78.0, 2.0, 34.0, 58.0	0
P11709	22.0, 25.0, 24.0, 28.0, 4.0, 44.0, 44.0, 16.0, 15.0, 19.0, 39.0, 33.0, 12.0, 16.0, 19.0, 31.0, 23.0, 3.0, 8.0, 15.0	0
P33322	27.0, 27.0, 14.0, 31.0, 9.0, 13.0, 48.0, 29.0, 8.0, 23.0, 44.0, 65.0, 10.0, 5.0, 17.0, 36.0, 22.0, 6.0, 14.0, 35.0	0
P40989	128.0, 101.0, 80.0, 98.0, 32.0, 81.0, 95.0, 120.0, 43.0, 132.0, 174.0, 83.0, 53.0, 116.0, 94.0, 122.0, 103.0, 37.0, 102.0, 101.0	0
P43573	32.0, 33.0, 47.0, 73.0, 0.0, 35.0, 114.0, 35.0, 11.0, 43.0, 52.0, 83.0, 16.0, 28.0, 30.0, 59.0, 33.0, 1.0, 20.0, 51.0	0
P40450	55.0, 50.0, 94.0, 84.0, 15.0, 58.0, 95.0, 38.0, 26.0, 97.0, 179.0, 133.0, 26.0, 56.0, 72.0, 137.0, 64.0, 12.0, 29.0, 55.0	0
P53622	91.0, 55.0, 55.0, 75.0, 11.0, 52.0, 86.0, 62.0, 30.0, 82.0, 112.0, 79.0, 19.0, 52.0, 51.0, 81.0, 67.0, 19.0, 38.0, 84.0	0
Q05785	38.0, 37.0, 31.0, 32.0, 2.0, 149.0, 39.0, 22.0, 7.0, 16.0, 47.0, 22.0, 10.0, 20.0, 33.0, 36.0, 31.0, 3.0, 24.0, 14.0	0
P38116	12.0, 6.0, 7.0, 12.0, 1.0, 7.0, 14.0, 13.0, 1.0, 13.0, 24.0, 13.0, 4.0, 5.0, 3.0, 15.0, 11.0, 5.0, 5.0, 12.0	1
P35734	16.0, 9.0, 23.0, 25.0, 2.0, 18.0, 26.0, 17.0, 12.0, 18.0, 16.0, 14.0, 6.0, 7.0, 15.0, 32.0, 19.0, 1.0, 2.0, 14.0	0
P38720	47.0, 21.0, 21.0, 31.0, 7.0, 14.0, 27.0, 47.0, 9.0, 36.0, 42.0, 33.0, 11.0, 22.0, 21.0, 30.0, 19.0, 8.0, 15.0, 28.0	0
P32447	11.0, 10.0, 16.0, 35.0, 2.0, 4.0, 58.0, 16.0, 3.0, 12.0, 18.0, 13.0, 1.0, 7.0, 14.0, 18.0, 10.0, 2.0, 7.0, 22.0	0
P05374	27.0, 33.0, 57.0, 38.0, 8.0, 27.0, 42.0, 46.0, 18.0, 69.0, 94.0, 53.0, 17.0, 60.0, 23.0, 67.0, 58.0, 22.0, 50.0, 60.0	0
P21951	103.0, 97.0, 128.0, 137.0, 33.0, 86.0, 155.0, 105.0, 40.0, 152.0, 226.0, 185.0, 56.0, 112.0, 92.0, 165.0, 104.0, 30.0, 90.0, 126.0	0
P34216	125.0, 38.0, 111.0, 81.0, 3.0, 107.0, 111.0, 51.0, 21.0, 53.0, 117.0, 71.0, 20.0, 46.0, 81.0, 148.0, 106.0, 8.0, 14.0, 69.0	0
P47133	19.0, 9.0, 20.0, 13.0, 4.0, 11.0, 27.0, 9.0, 0.0, 17.0, 44.0, 29.0, 9.0, 10.0, 3.0, 17.0, 16.0, 3.0, 17.0, 15.0	0
P39010	44.0, 24.0, 46.0, 46.0, 12.0, 21.0, 40.0, 51.0, 21.0, 49.0, 87.0, 40.0, 14.0, 49.0, 31.0, 50.0, 49.0, 15.0, 22.0, 53.0	0
P40986	18.0, 29.0, 22.0, 28.0, 5.0, 22.0, 17.0, 22.0, 15.0, 31.0, 37.0, 35.0, 13.0, 26.0, 27.0, 50.0, 26.0, 11.0, 27.0, 30.0	0
P32324	68.0, 41.0, 26.0, 58.0, 8.0, 32.0, 55.0, 59.0, 16.0, 50.0, 69.0, 61.0, 23.0, 35.0, 40.0, 44.0, 48.0, 8.0, 20.0, 81.0	0
P39013	11.0, 13.0, 33.0, 30.0, 4.0, 18.0, 25.0, 9.0, 3.0, 26.0, 38.0, 34.0, 5.0, 11.0, 16.0, 32.0, 11.0, 5.0, 10.0, 15.0	0
P53858	35.0, 45.0, 58.0, 75.0, 3.0, 32.0, 82.0, 26.0, 16.0, 46.0, 67.0, 68.0, 17.0, 35.0, 49.0, 120.0, 63.0, 0.0, 19.0, 36.0	0
P32457	16.0, 17.0, 37.0, 35.0, 3.0, 35.0, 56.0, 25.0, 13.0, 36.0, 45.0, 55.0, 8.0, 22.0, 18.0, 41.0, 16.0, 3.0, 14.0, 25.0	0
P38213	39.0, 36.0, 57.0, 40.0, 10.0, 22.0, 43.0, 30.0, 17.0, 29.0, 64.0, 69.0, 15.0, 25.0, 44.0, 101.0, 57.0, 4.0, 22.0, 12.0	0
P38736	12.0, 14.0, 16.0, 11.0, 2.0, 21.0, 10.0, 6.0, 4.0, 20.0, 21.0, 13.0, 2.0, 9.0, 5.0, 24.0, 19.0, 3.0, 2.0, 9.0	0
P36108	18.0, 15.0, 14.0, 16.0, 0.0, 21.0, 22.0, 11.0, 1.0, 11.0, 22.0, 18.0, 11.0, 6.0, 7.0, 14.0, 10.0, 1.0, 1.0, 13.0	0
P25087	36.0, 17.0, 19.0, 23.0, 4.0, 12.0, 33.0, 29.0, 8.0, 12.0, 27.0, 30.0, 11.0, 19.0, 11.0, 18.0, 22.0, 5.0, 23.0, 24.0	0
P41818	10.0, 10.0, 14.0, 27.0, 1.0, 13.0, 32.0, 8.0, 6.0, 10.0, 15.0, 23.0, 4.0, 7.0, 14.0, 10.0, 13.0, 1.0, 5.0, 6.0	0
P08638	51.0, 44.0, 60.0, 41.0, 14.0, 33.0, 70.0, 31.0, 15.0, 53.0, 78.0, 54.0, 23.0, 34.0, 39.0, 95.0, 60.0, 11.0, 26.0, 54.0	0
P32797	48.0, 45.0, 49.0, 58.0, 20.0, 43.0, 59.0, 31.0, 21.0, 64.0, 89.0, 62.0, 14.0, 51.0, 47.0, 97.0, 48.0, 4.0, 28.0, 46.0	0
P04806	32.0, 18.0, 18.0, 36.0, 4.0, 15.0, 35.0, 42.0, 9.0, 33.0, 48.0, 39.0, 13.0, 17.0, 25.0, 24.0, 29.0, 4.0, 16.0, 28.0	0
P43610	43.0, 31.0, 73.0, 66.0, 8.0, 33.0, 54.0, 39.0, 14.0, 52.0, 107.0, 79.0, 22.0, 35.0, 22.0, 58.0, 50.0, 8.0, 19.0, 40.0	0
P38853	53.0, 42.0, 86.0, 84.0, 5.0, 49.0, 96.0, 49.0, 33.0, 66.0, 98.0, 90.0, 19.0, 38.0, 63.0, 114.0, 75.0, 9.0, 29.0, 66.0	0
Q06001	11.0, 24.0, 36.0, 25.0, 5.0, 15.0, 36.0, 27.0, 12.0, 40.0, 39.0, 48.0, 8.0, 19.0, 20.0, 47.0, 34.0, 0.0, 11.0, 21.0	0
Q12398	17.0, 18.0, 42.0, 29.0, 5.0, 27.0, 22.0, 15.0, 13.0, 22.0, 32.0, 26.0, 9.0, 14.0, 28.0, 48.0, 32.0, 0.0, 15.0, 20.0	0
P33417	37.0, 16.0, 56.0, 18.0, 1.0, 124.0, 24.0, 22.0, 18.0, 18.0, 45.0, 27.0, 10.0, 13.0, 44.0, 53.0, 32.0, 4.0, 20.0, 15.0	0
P38439	21.0, 33.0, 30.0, 59.0, 2.0, 23.0, 74.0, 15.0, 8.0, 19.0, 20.0, 29.0, 5.0, 15.0, 13.0, 38.0, 27.0, 2.0, 10.0, 21.0	0
P39732	38.0, 42.0, 50.0, 27.0, 10.0, 28.0, 41.0, 15.0, 18.0, 51.0, 87.0, 66.0, 13.0, 24.0, 47.0, 93.0, 42.0, 10.0, 23.0, 35.0	0
P48566	25.0, 35.0, 51.0, 44.0, 8.0, 28.0, 41.0, 34.0, 19.0, 32.0, 59.0, 50.0, 11.0, 30.0, 26.0, 55.0, 18.0, 12.0, 19.0, 36.0	0
P34239	29.0, 44.0, 64.0, 40.0, 10.0, 30.0, 43.0, 35.0, 13.0, 64.0, 79.0, 49.0, 18.0, 32.0, 40.0, 114.0, 52.0, 8.0, 29.0, 35.0	0
Q12176	56.0, 31.0, 65.0, 96.0, 2.0, 45.0, 97.0, 37.0, 17.0, 52.0, 96.0, 108.0, 11.0, 46.0, 28.0, 100.0, 51.0, 5.0, 31.0, 51.0	0
Q01560	21.0, 38.0, 14.0, 18.0, 1.0, 21.0, 42.0, 62.0, 11.0, 9.0, 16.0, 8.0, 5.0, 19.0, 51.0, 29.0, 10.0, 1.0, 20.0, 18.0	0
P43563	17.0, 11.0, 21.0, 9.0, 0.0, 22.0, 12.0, 7.0, 12.0, 16.0, 22.0, 19.0, 7.0, 24.0, 19.0, 28.0, 14.0, 4.0, 9.0, 14.0	0
Q04377	28.0, 33.0, 38.0, 47.0, 6.0, 34.0, 60.0, 21.0, 18.0, 68.0, 96.0, 58.0, 21.0, 30.0, 25.0, 54.0, 44.0, 5.0, 22.0, 39.0	0
P53901	16.0, 28.0, 35.0, 31.0, 5.0, 9.0, 21.0, 13.0, 10.0, 19.0, 32.0, 23.0, 12.0, 12.0, 37.0, 48.0, 27.0, 2.0, 13.0, 16.0	0
P23900	51.0, 29.0, 55.0, 35.0, 6.0, 25.0, 28.0, 49.0, 18.0, 29.0, 41.0, 29.0, 22.0, 32.0, 34.0, 69.0, 43.0, 10.0, 25.0, 39.0	0
P11927	12.0, 26.0, 44.0, 26.0, 2.0, 18.0, 35.0, 10.0, 6.0, 28.0, 33.0, 48.0, 10.0, 15.0, 20.0, 40.0, 25.0, 3.0, 16.0, 16.0	0
P38590	19.0, 20.0, 24.0, 25.0, 4.0, 13.0, 29.0, 17.0, 14.0, 27.0, 49.0, 32.0, 15.0, 14.0, 39.0, 72.0, 35.0, 2.0, 13.0, 26.0	0
P41940	18.0, 10.0, 19.0, 19.0, 3.0, 5.0, 25.0, 30.0, 6.0, 30.0, 34.0, 30.0, 6.0, 12.0, 22.0, 17.0, 23.0, 3.0, 10.0, 39.0	0
P00817	22.0, 6.0, 16.0, 24.0, 1.0, 7.0, 19.0, 16.0, 6.0, 27.0, 17.0, 29.0, 3.0, 11.0, 20.0, 13.0, 19.0, 6.0, 11.0, 14.0	1
P32787	15.0, 13.0, 9.0, 13.0, 7.0, 8.0, 16.0, 23.0, 5.0, 15.0, 17.0, 30.0, 4.0, 10.0, 11.0, 20.0, 20.0, 5.0, 10.0, 18.0	0
P39016	48.0, 20.0, 111.0, 33.0, 10.0, 51.0, 25.0, 30.0, 25.0, 61.0, 77.0, 41.0, 22.0, 48.0, 44.0, 105.0, 48.0, 1.0, 21.0, 38.0	0
P25333	41.0, 29.0, 39.0, 25.0, 16.0, 17.0, 32.0, 37.0, 18.0, 31.0, 37.0, 52.0, 19.0, 18.0, 33.0, 69.0, 36.0, 4.0, 20.0, 30.0	0
P10081	24.0, 24.0, 14.0, 26.0, 3.0, 22.0, 32.0, 23.0, 4.0, 33.0, 35.0, 21.0, 12.0, 19.0, 12.0, 21.0, 28.0, 0.0, 12.0, 30.0	0
P39678	43.0, 40.0, 62.0, 39.0, 1.0, 59.0, 49.0, 32.0, 22.0, 58.0, 66.0, 63.0, 20.0, 25.0, 43.0, 86.0, 60.0, 3.0, 21.0, 41.0	0
P13186	63.0, 63.0, 79.0, 47.0, 6.0, 73.0, 61.0, 57.0, 33.0, 72.0, 94.0, 74.0, 25.0, 29.0, 80.0, 117.0, 63.0, 5.0, 37.0, 69.0	0
P36027	20.0, 11.0, 18.0, 19.0, 3.0, 7.0, 9.0, 15.0, 4.0, 24.0, 24.0, 12.0, 5.0, 13.0, 10.0, 116.0, 36.0, 2.0, 9.0, 19.0	0
P02829	43.0, 27.0, 26.0, 47.0, 0.0, 22.0, 95.0, 24.0, 4.0, 49.0, 66.0, 77.0, 13.0, 33.0, 27.0, 49.0, 40.0, 5.0, 20.0, 42.0	0
P06168	33.0, 26.0, 18.0, 20.0, 3.0, 12.0, 26.0, 34.0, 5.0, 18.0, 34.0, 28.0, 8.0, 16.0, 16.0, 22.0, 26.0, 7.0, 19.0, 24.0	0
P38689	31.0, 21.0, 16.0, 23.0, 5.0, 6.0, 15.0, 15.0, 6.0, 32.0, 30.0, 20.0, 8.0, 8.0, 12.0, 23.0, 17.0, 0.0, 6.0, 26.0	0
P40970	31.0, 34.0, 19.0, 33.0, 14.0, 17.0, 29.0, 41.0, 12.0, 39.0, 58.0, 33.0, 14.0, 24.0, 30.0, 40.0, 29.0, 4.0, 26.0, 34.0	0
P53253	33.0, 32.0, 77.0, 44.0, 10.0, 35.0, 57.0, 28.0, 25.0, 54.0, 100.0, 79.0, 14.0, 64.0, 29.0, 120.0, 61.0, 2.0, 25.0, 47.0	0
P39719	63.0, 27.0, 58.0, 36.0, 10.0, 30.0, 23.0, 30.0, 5.0, 51.0, 85.0, 35.0, 15.0, 62.0, 26.0, 72.0, 56.0, 9.0, 27.0, 63.0	0
P32835	17.0, 8.0, 11.0, 13.0, 3.0, 11.0, 15.0, 14.0, 4.0, 11.0, 17.0, 18.0, 4.0, 12.0, 12.0, 6.0, 13.0, 3.0, 9.0, 18.0	0
P38250	63.0, 17.0, 65.0, 38.0, 8.0, 33.0, 43.0, 31.0, 27.0, 68.0, 86.0, 81.0, 10.0, 55.0, 48.0, 108.0, 64.0, 11.0, 33.0, 57.0	0
P50090	33.0, 39.0, 63.0, 59.0, 9.0, 37.0, 57.0, 46.0, 22.0, 49.0, 94.0, 81.0, 16.0, 24.0, 44.0, 81.0, 54.0, 8.0, 29.0, 37.0	0
P38801	9.0, 8.0, 10.0, 12.0, 0.0, 6.0, 16.0, 7.0, 2.0, 12.0, 18.0, 31.0, 5.0, 5.0, 4.0, 20.0, 7.0, 0.0, 5.0, 7.0	0
Q03735	60.0, 48.0, 121.0, 53.0, 11.0, 37.0, 69.0, 64.0, 26.0, 68.0, 88.0, 68.0, 27.0, 41.0, 55.0, 134.0, 60.0, 2.0, 46.0, 56.0	0
P19524	92.0, 62.0, 94.0, 78.0, 14.0, 90.0, 138.0, 62.0, 29.0, 117.0, 168.0, 134.0, 29.0, 61.0, 40.0, 103.0, 95.0, 16.0, 58.0, 94.0	0
P53973	32.0, 32.0, 38.0, 49.0, 14.0, 19.0, 53.0, 44.0, 20.0, 55.0, 58.0, 44.0, 16.0, 28.0, 36.0, 52.0, 30.0, 10.0, 27.0, 49.0	1
P53096	16.0, 18.0, 28.0, 36.0, 8.0, 9.0, 31.0, 30.0, 16.0, 29.0, 48.0, 24.0, 10.0, 24.0, 22.0, 34.0, 23.0, 2.0, 23.0, 21.0	0
P38144	58.0, 61.0, 61.0, 82.0, 9.0, 46.0, 108.0, 51.0, 22.0, 63.0, 124.0, 119.0, 20.0, 47.0, 41.0, 69.0, 49.0, 13.0, 39.0, 47.0	0
P47114	15.0, 21.0, 45.0, 27.0, 7.0, 12.0, 28.0, 19.0, 5.0, 44.0, 43.0, 37.0, 11.0, 32.0, 18.0, 46.0, 33.0, 7.0, 23.0, 24.0	0
P25579	37.0, 35.0, 48.0, 39.0, 8.0, 26.0, 30.0, 25.0, 15.0, 24.0, 40.0, 37.0, 15.0, 19.0, 44.0, 75.0, 28.0, 1.0, 15.0, 22.0	0
P28834	29.0, 18.0, 19.0, 18.0, 0.0, 8.0, 22.0, 32.0, 10.0, 32.0, 28.0, 26.0, 8.0, 12.0, 13.0, 20.0, 30.0, 2.0, 8.0, 25.0	0
P19158	147.0, 136.0, 189.0, 157.0, 38.0, 97.0, 179.0, 93.0, 101.0, 258.0, 339.0, 179.0, 79.0, 171.0, 117.0, 332.0, 197.0, 20.0, 109.0, 141.0	0
P53843	16.0, 12.0, 15.0, 25.0, 4.0, 14.0, 31.0, 3.0, 6.0, 28.0, 31.0, 38.0, 5.0, 5.0, 11.0, 20.0, 10.0, 1.0, 7.0, 16.0	0
P23748	13.0, 39.0, 50.0, 37.0, 10.0, 20.0, 33.0, 20.0, 17.0, 26.0, 45.0, 31.0, 10.0, 35.0, 30.0, 86.0, 23.0, 0.0, 15.0, 14.0	0
P32333	120.0, 77.0, 103.0, 112.0, 16.0, 87.0, 122.0, 83.0, 43.0, 112.0, 248.0, 136.0, 49.0, 66.0, 75.0, 146.0, 92.0, 15.0, 44.0, 121.0	0
P00950	24.0, 12.0, 11.0, 16.0, 0.0, 8.0, 17.0, 15.0, 4.0, 11.0, 28.0, 24.0, 2.0, 6.0, 16.0, 15.0, 8.0, 5.0, 9.0, 16.0	0
Q03407	54.0, 38.0, 37.0, 46.0, 5.0, 34.0, 46.0, 39.0, 14.0, 36.0, 71.0, 73.0, 20.0, 33.0, 39.0, 64.0, 45.0, 6.0, 23.0, 43.0	0
Q12236	55.0, 47.0, 73.0, 61.0, 5.0, 40.0, 51.0, 43.0, 19.0, 62.0, 88.0, 120.0, 24.0, 38.0, 63.0, 121.0, 85.0, 3.0, 41.0, 42.0	0
P35182	19.0, 16.0, 15.0, 26.0, 5.0, 7.0, 18.0, 16.0, 7.0, 16.0, 25.0, 13.0, 7.0, 11.0, 5.0, 19.0, 19.0, 4.0, 7.0, 26.0	0
P39966	38.0, 17.0, 20.0, 48.0, 12.0, 16.0, 25.0, 32.0, 15.0, 24.0, 39.0, 28.0, 10.0, 14.0, 16.0, 42.0, 29.0, 3.0, 7.0, 29.0	0
P34221	27.0, 15.0, 25.0, 47.0, 14.0, 14.0, 37.0, 34.0, 12.0, 31.0, 42.0, 26.0, 13.0, 19.0, 10.0, 51.0, 23.0, 3.0, 5.0, 20.0	0
Q06648	17.0, 20.0, 32.0, 20.0, 1.0, 16.0, 20.0, 11.0, 11.0, 16.0, 32.0, 31.0, 5.0, 17.0, 23.0, 69.0, 23.0, 1.0, 9.0, 9.0	0
P35844	24.0, 14.0, 15.0, 21.0, 3.0, 13.0, 44.0, 21.0, 10.0, 23.0, 45.0, 42.0, 4.0, 24.0, 22.0, 49.0, 19.0, 10.0, 13.0, 18.0	1
P40010	48.0, 29.0, 24.0, 37.0, 2.0, 16.0, 40.0, 27.0, 6.0, 31.0, 49.0, 55.0, 9.0, 11.0, 22.0, 46.0, 22.0, 5.0, 11.0, 30.0	0
P33400	32.0, 24.0, 36.0, 34.0, 18.0, 31.0, 30.0, 35.0, 19.0, 28.0, 55.0, 38.0, 12.0, 10.0, 45.0, 91.0, 37.0, 4.0, 19.0, 27.0	0
P40495	35.0, 20.0, 14.0, 20.0, 5.0, 15.0, 23.0, 32.0, 4.0, 29.0, 32.0, 25.0, 5.0, 11.0, 15.0, 24.0, 22.0, 0.0, 10.0, 30.0	0
P22148	19.0, 19.0, 40.0, 12.0, 2.0, 29.0, 30.0, 18.0, 10.0, 16.0, 29.0, 19.0, 6.0, 10.0, 19.0, 43.0, 23.0, 4.0, 12.0, 22.0	0
P37304	33.0, 33.0, 80.0, 41.0, 5.0, 59.0, 40.0, 39.0, 11.0, 47.0, 81.0, 53.0, 18.0, 36.0, 44.0, 104.0, 45.0, 3.0, 22.0, 36.0	0
Q04322	35.0, 29.0, 46.0, 46.0, 6.0, 25.0, 70.0, 25.0, 14.0, 42.0, 83.0, 63.0, 21.0, 25.0, 38.0, 61.0, 32.0, 3.0, 21.0, 35.0	0
P53935	53.0, 60.0, 86.0, 80.0, 7.0, 67.0, 133.0, 45.0, 38.0, 56.0, 99.0, 100.0, 31.0, 39.0, 56.0, 143.0, 81.0, 5.0, 29.0, 32.0	0
Q03694	16.0, 18.0, 38.0, 29.0, 5.0, 24.0, 19.0, 17.0, 9.0, 31.0, 28.0, 33.0, 3.0, 20.0, 22.0, 52.0, 24.0, 1.0, 13.0, 18.0	0
P15700	12.0, 13.0, 6.0, 16.0, 4.0, 9.0, 15.0, 13.0, 2.0, 15.0, 15.0, 17.0, 4.0, 12.0, 7.0, 16.0, 9.0, 0.0, 4.0, 15.0	0
P04147	54.0, 22.0, 34.0, 29.0, 3.0, 41.0, 49.0, 42.0, 9.0, 25.0, 38.0, 47.0, 16.0, 27.0, 29.0, 36.0, 22.0, 1.0, 23.0, 30.0	0
Q12163	13.0, 5.0, 19.0, 27.0, 0.0, 8.0, 28.0, 14.0, 3.0, 14.0, 14.0, 12.0, 5.0, 5.0, 7.0, 15.0, 18.0, 2.0, 12.0, 15.0	0
Q92317	8.0, 6.0, 6.0, 9.0, 0.0, 6.0, 19.0, 4.0, 3.0, 12.0, 14.0, 13.0, 6.0, 7.0, 4.0, 18.0, 4.0, 0.0, 1.0, 6.0	0
P32521	105.0, 40.0, 107.0, 65.0, 4.0, 151.0, 80.0, 98.0, 11.0, 70.0, 90.0, 78.0, 33.0, 47.0, 150.0, 148.0, 104.0, 4.0, 34.0, 61.0	0
P41811	63.0, 30.0, 52.0, 61.0, 6.0, 28.0, 77.0, 63.0, 14.0, 41.0, 78.0, 51.0, 8.0, 43.0, 32.0, 66.0, 55.0, 20.0, 33.0, 68.0	0
P34072	30.0, 32.0, 64.0, 34.0, 2.0, 32.0, 30.0, 21.0, 14.0, 26.0, 40.0, 45.0, 12.0, 20.0, 35.0, 71.0, 41.0, 3.0, 12.0, 20.0	0
Q08208	35.0, 27.0, 21.0, 29.0, 4.0, 13.0, 47.0, 20.0, 7.0, 24.0, 28.0, 70.0, 4.0, 18.0, 13.0, 38.0, 27.0, 1.0, 7.0, 26.0	0
P34217	43.0, 21.0, 86.0, 24.0, 1.0, 67.0, 30.0, 27.0, 16.0, 39.0, 59.0, 22.0, 15.0, 15.0, 38.0, 90.0, 36.0, 1.0, 21.0, 17.0	0
P23287	36.0, 26.0, 29.0, 31.0, 10.0, 9.0, 49.0, 28.0, 12.0, 30.0, 57.0, 49.0, 15.0, 28.0, 26.0, 42.0, 23.0, 4.0, 22.0, 27.0	0
Q03178	54.0, 3.0, 9.0, 17.0, 4.0, 32.0, 5.0, 32.0, 2.0, 31.0, 14.0, 18.0, 2.0, 5.0, 14.0, 25.0, 50.0, 2.0, 8.0, 14.0	0
P43124	19.0, 27.0, 27.0, 27.0, 1.0, 21.0, 27.0, 16.0, 12.0, 28.0, 30.0, 36.0, 11.0, 18.0, 12.0, 43.0, 24.0, 2.0, 7.0, 14.0	0
Q06505	34.0, 28.0, 25.0, 32.0, 0.0, 19.0, 37.0, 12.0, 4.0, 17.0, 37.0, 41.0, 7.0, 5.0, 17.0, 39.0, 27.0, 2.0, 7.0, 20.0	0
P40484	17.0, 16.0, 29.0, 11.0, 7.0, 20.0, 19.0, 15.0, 11.0, 14.0, 25.0, 9.0, 7.0, 20.0, 23.0, 16.0, 24.0, 4.0, 9.0, 18.0	0
P25847	52.0, 29.0, 53.0, 58.0, 13.0, 35.0, 78.0, 45.0, 27.0, 71.0, 119.0, 85.0, 19.0, 33.0, 32.0, 70.0, 46.0, 7.0, 27.0, 65.0	0
P25588	47.0, 45.0, 82.0, 101.0, 1.0, 52.0, 111.0, 46.0, 26.0, 73.0, 82.0, 119.0, 15.0, 28.0, 40.0, 99.0, 65.0, 1.0, 20.0, 43.0	0
P38691	42.0, 44.0, 112.0, 73.0, 6.0, 39.0, 61.0, 55.0, 38.0, 52.0, 61.0, 72.0, 24.0, 44.0, 52.0, 108.0, 54.0, 5.0, 48.0, 39.0	1
P33748	27.0, 28.0, 102.0, 46.0, 5.0, 30.0, 23.0, 18.0, 21.0, 39.0, 56.0, 31.0, 18.0, 19.0, 44.0, 110.0, 53.0, 1.0, 13.0, 20.0	1
P38632	12.0, 9.0, 14.0, 23.0, 9.0, 16.0, 16.0, 7.0, 5.0, 20.0, 23.0, 20.0, 6.0, 5.0, 19.0, 21.0, 18.0, 2.0, 11.0, 11.0	0
P38879	24.0, 4.0, 14.0, 12.0, 0.0, 12.0, 15.0, 11.0, 1.0, 12.0, 10.0, 16.0, 4.0, 4.0, 5.0, 9.0, 5.0, 0.0, 2.0, 14.0	0
Q9URQ5	3.0, 6.0, 11.0, 1.0, 1.0, 4.0, 9.0, 0.0, 1.0, 4.0, 10.0, 6.0, 5.0, 1.0, 2.0, 7.0, 4.0, 0.0, 1.0, 2.0	0
P40850	42.0, 27.0, 55.0, 39.0, 5.0, 31.0, 58.0, 31.0, 13.0, 54.0, 91.0, 53.0, 17.0, 52.0, 38.0, 80.0, 58.0, 7.0, 35.0, 44.0	0
P38817	50.0, 19.0, 49.0, 28.0, 3.0, 32.0, 37.0, 25.0, 11.0, 34.0, 70.0, 40.0, 10.0, 19.0, 34.0, 57.0, 30.0, 3.0, 10.0, 24.0	0
Q08484	25.0, 36.0, 36.0, 39.0, 4.0, 39.0, 34.0, 19.0, 20.0, 39.0, 50.0, 34.0, 18.0, 25.0, 36.0, 75.0, 49.0, 13.0, 19.0, 27.0	0
P53725	3.0, 9.0, 17.0, 21.0, 0.0, 3.0, 14.0, 15.0, 1.0, 7.0, 9.0, 33.0, 4.0, 7.0, 4.0, 20.0, 6.0, 1.0, 4.0, 8.0	0
P17536	10.0, 6.0, 14.0, 13.0, 0.0, 15.0, 45.0, 1.0, 3.0, 6.0, 26.0, 27.0, 1.0, 1.0, 0.0, 14.0, 7.0, 2.0, 2.0, 6.0	0
Q08438	35.0, 24.0, 48.0, 85.0, 2.0, 20.0, 42.0, 42.0, 11.0, 34.0, 40.0, 49.0, 17.0, 19.0, 35.0, 77.0, 47.0, 6.0, 5.0, 36.0	0
Q07963	75.0, 82.0, 144.0, 113.0, 50.0, 51.0, 123.0, 61.0, 45.0, 142.0, 171.0, 125.0, 48.0, 111.0, 60.0, 162.0, 113.0, 19.0, 85.0, 92.0	0
P33296	14.0, 11.0, 15.0, 15.0, 1.0, 7.0, 19.0, 13.0, 5.0, 16.0, 20.0, 19.0, 7.0, 10.0, 18.0, 17.0, 21.0, 3.0, 10.0, 9.0	0
P0CG63	5.0, 20.0, 11.0, 30.0, 0.0, 30.0, 25.0, 30.0, 5.0, 35.0, 45.0, 35.0, 5.0, 10.0, 10.0, 25.0, 35.0, 0.0, 5.0, 20.0	0
P33202	66.0, 71.0, 73.0, 112.0, 23.0, 38.0, 128.0, 78.0, 34.0, 110.0, 167.0, 79.0, 33.0, 77.0, 44.0, 139.0, 78.0, 7.0, 43.0, 83.0	0
P40453	34.0, 50.0, 68.0, 70.0, 9.0, 49.0, 55.0, 39.0, 34.0, 67.0, 106.0, 77.0, 20.0, 44.0, 69.0, 94.0, 67.0, 7.0, 51.0, 61.0	0
P17255	80.0, 55.0, 38.0, 61.0, 12.0, 27.0, 81.0, 83.0, 20.0, 63.0, 87.0, 71.0, 23.0, 41.0, 45.0, 87.0, 64.0, 10.0, 43.0, 80.0	0
P14682	11.0, 13.0, 17.0, 48.0, 1.0, 11.0, 25.0, 8.0, 6.0, 19.0, 14.0, 15.0, 8.0, 13.0, 19.0, 28.0, 8.0, 3.0, 11.0, 17.0	0
Q01477	52.0, 23.0, 74.0, 48.0, 6.0, 38.0, 61.0, 43.0, 29.0, 56.0, 57.0, 87.0, 20.0, 27.0, 48.0, 107.0, 56.0, 5.0, 36.0, 39.0	1
P40040	18.0, 14.0, 21.0, 11.0, 0.0, 13.0, 26.0, 12.0, 1.0, 6.0, 18.0, 23.0, 1.0, 3.0, 10.0, 22.0, 6.0, 0.0, 2.0, 11.0	0
Q12006	9.0, 20.0, 24.0, 17.0, 11.0, 12.0, 17.0, 20.0, 12.0, 27.0, 41.0, 19.0, 8.0, 27.0, 26.0, 27.0, 19.0, 14.0, 16.0, 12.0	0
P36097	39.0, 37.0, 48.0, 61.0, 22.0, 45.0, 89.0, 25.0, 22.0, 90.0, 129.0, 68.0, 22.0, 49.0, 35.0, 100.0, 49.0, 8.0, 28.0, 72.0	0
P21734	14.0, 8.0, 10.0, 16.0, 1.0, 8.0, 18.0, 11.0, 6.0, 15.0, 20.0, 16.0, 4.0, 8.0, 14.0, 15.0, 10.0, 2.0, 6.0, 13.0	0
P22204	26.0, 40.0, 27.0, 41.0, 6.0, 23.0, 33.0, 30.0, 11.0, 24.0, 56.0, 42.0, 18.0, 34.0, 24.0, 47.0, 35.0, 5.0, 24.0, 26.0	0
Q05958	50.0, 26.0, 76.0, 44.0, 8.0, 50.0, 32.0, 44.0, 23.0, 35.0, 91.0, 39.0, 22.0, 30.0, 42.0, 95.0, 53.0, 5.0, 13.0, 36.0	0
Q03002	41.0, 53.0, 52.0, 44.0, 10.0, 38.0, 45.0, 31.0, 22.0, 53.0, 64.0, 70.0, 12.0, 24.0, 52.0, 122.0, 54.0, 5.0, 37.0, 36.0	0
P40056	26.0, 10.0, 14.0, 11.0, 0.0, 13.0, 10.0, 12.0, 4.0, 14.0, 43.0, 18.0, 5.0, 11.0, 19.0, 29.0, 19.0, 5.0, 9.0, 13.0	0
P15992	11.0, 8.0, 18.0, 21.0, 0.0, 5.0, 12.0, 15.0, 3.0, 9.0, 16.0, 20.0, 1.0, 11.0, 14.0, 16.0, 7.0, 2.0, 7.0, 18.0	0
Q04178	16.0, 8.0, 10.0, 16.0, 2.0, 10.0, 18.0, 11.0, 5.0, 19.0, 16.0, 20.0, 4.0, 9.0, 10.0, 10.0, 11.0, 3.0, 8.0, 15.0	0
Q12340	29.0, 39.0, 55.0, 37.0, 19.0, 25.0, 59.0, 26.0, 14.0, 51.0, 96.0, 56.0, 14.0, 40.0, 33.0, 65.0, 50.0, 11.0, 32.0, 35.0	0
P40468	138.0, 98.0, 145.0, 125.0, 30.0, 84.0, 158.0, 80.0, 46.0, 173.0, 296.0, 155.0, 58.0, 122.0, 93.0, 231.0, 134.0, 30.0, 63.0, 117.0	0
Q08921	43.0, 45.0, 74.0, 55.0, 2.0, 40.0, 47.0, 40.0, 34.0, 36.0, 59.0, 58.0, 12.0, 26.0, 27.0, 117.0, 44.0, 2.0, 10.0, 28.0	0
P54787	19.0, 21.0, 25.0, 35.0, 5.0, 18.0, 48.0, 13.0, 5.0, 31.0, 50.0, 43.0, 11.0, 26.0, 23.0, 30.0, 18.0, 1.0, 13.0, 16.0	1
P40362	27.0, 20.0, 43.0, 49.0, 6.0, 27.0, 39.0, 38.0, 17.0, 33.0, 53.0, 34.0, 9.0, 21.0, 21.0, 56.0, 42.0, 10.0, 15.0, 34.0	0
P32610	22.0, 21.0, 10.0, 15.0, 0.0, 17.0, 27.0, 13.0, 1.0, 15.0, 20.0, 19.0, 6.0, 9.0, 4.0, 14.0, 16.0, 0.0, 8.0, 19.0	0
Q06681	55.0, 56.0, 144.0, 104.0, 6.0, 44.0, 68.0, 69.0, 40.0, 106.0, 97.0, 113.0, 21.0, 65.0, 64.0, 176.0, 104.0, 9.0, 30.0, 67.0	0
P47043	44.0, 23.0, 83.0, 65.0, 41.0, 35.0, 40.0, 31.0, 62.0, 38.0, 60.0, 69.0, 10.0, 30.0, 52.0, 95.0, 54.0, 7.0, 19.0, 22.0	0
P12612	52.0, 27.0, 24.0, 37.0, 8.0, 16.0, 36.0, 36.0, 9.0, 44.0, 58.0, 41.0, 13.0, 12.0, 15.0, 45.0, 30.0, 0.0, 8.0, 48.0	0
Q08960	45.0, 30.0, 40.0, 48.0, 25.0, 22.0, 53.0, 74.0, 14.0, 38.0, 70.0, 81.0, 10.0, 35.0, 32.0, 62.0, 41.0, 10.0, 30.0, 50.0	0
Q06263	27.0, 6.0, 14.0, 34.0, 4.0, 12.0, 36.0, 9.0, 5.0, 21.0, 34.0, 33.0, 7.0, 6.0, 8.0, 25.0, 19.0, 3.0, 12.0, 15.0	0
Q06385	19.0, 23.0, 22.0, 25.0, 3.0, 7.0, 32.0, 17.0, 3.0, 26.0, 43.0, 22.0, 10.0, 11.0, 7.0, 27.0, 17.0, 3.0, 9.0, 19.0	0
Q12030	19.0, 10.0, 13.0, 22.0, 0.0, 17.0, 15.0, 10.0, 1.0, 9.0, 12.0, 12.0, 4.0, 8.0, 8.0, 14.0, 9.0, 0.0, 7.0, 16.0	0
P47079	46.0, 22.0, 26.0, 30.0, 6.0, 19.0, 45.0, 49.0, 10.0, 45.0, 55.0, 41.0, 21.0, 11.0, 24.0, 28.0, 31.0, 1.0, 11.0, 47.0	0
P42943	54.0, 20.0, 29.0, 27.0, 9.0, 23.0, 44.0, 42.0, 7.0, 43.0, 51.0, 40.0, 15.0, 20.0, 16.0, 34.0, 29.0, 3.0, 6.0, 38.0	0
Q12199	18.0, 25.0, 29.0, 25.0, 4.0, 16.0, 20.0, 10.0, 8.0, 30.0, 30.0, 21.0, 8.0, 11.0, 21.0, 28.0, 19.0, 6.0, 9.0, 18.0	0
P38987	13.0, 10.0, 14.0, 11.0, 1.0, 14.0, 9.0, 14.0, 5.0, 26.0, 21.0, 17.0, 6.0, 8.0, 13.0, 23.0, 15.0, 1.0, 9.0, 15.0	0
P46959	15.0, 25.0, 19.0, 24.0, 6.0, 11.0, 30.0, 24.0, 14.0, 23.0, 26.0, 29.0, 7.0, 20.0, 14.0, 31.0, 22.0, 5.0, 11.0, 27.0	0
Q06116	89.0, 121.0, 127.0, 149.0, 18.0, 67.0, 144.0, 107.0, 70.0, 184.0, 279.0, 184.0, 43.0, 147.0, 100.0, 241.0, 148.0, 30.0, 92.0, 149.0	0
P38806	12.0, 14.0, 15.0, 13.0, 9.0, 12.0, 33.0, 12.0, 4.0, 13.0, 24.0, 35.0, 4.0, 7.0, 14.0, 29.0, 9.0, 2.0, 6.0, 15.0	0
Q12026	2.0, 3.0, 12.0, 8.0, 1.0, 6.0, 11.0, 3.0, 4.0, 4.0, 8.0, 10.0, 4.0, 7.0, 2.0, 9.0, 5.0, 0.0, 3.0, 6.0	0
Q08157	28.0, 23.0, 49.0, 28.0, 5.0, 25.0, 22.0, 33.0, 8.0, 35.0, 45.0, 22.0, 11.0, 23.0, 38.0, 69.0, 31.0, 3.0, 25.0, 28.0	0
P41807	23.0, 15.0, 29.0, 31.0, 7.0, 25.0, 32.0, 16.0, 11.0, 40.0, 70.0, 41.0, 5.0, 17.0, 9.0, 38.0, 21.0, 5.0, 11.0, 32.0	0
Q06685	56.0, 54.0, 67.0, 72.0, 11.0, 35.0, 82.0, 56.0, 26.0, 76.0, 100.0, 113.0, 29.0, 46.0, 65.0, 101.0, 58.0, 10.0, 28.0, 61.0	0
Q99296	34.0, 44.0, 74.0, 49.0, 10.0, 26.0, 34.0, 32.0, 21.0, 40.0, 45.0, 26.0, 15.0, 33.0, 38.0, 88.0, 41.0, 8.0, 32.0, 40.0	0
P18961	27.0, 27.0, 30.0, 47.0, 6.0, 24.0, 37.0, 42.0, 21.0, 48.0, 76.0, 57.0, 10.0, 33.0, 37.0, 64.0, 34.0, 8.0, 23.0, 26.0	0
P32912	18.0, 33.0, 16.0, 28.0, 1.0, 21.0, 25.0, 15.0, 4.0, 13.0, 35.0, 22.0, 7.0, 6.0, 9.0, 18.0, 17.0, 4.0, 7.0, 17.0	0
Q08831	22.0, 13.0, 52.0, 24.0, 1.0, 43.0, 11.0, 20.0, 16.0, 29.0, 48.0, 26.0, 14.0, 12.0, 43.0, 85.0, 33.0, 4.0, 14.0, 13.0	0
P38809	18.0, 26.0, 32.0, 25.0, 1.0, 16.0, 16.0, 23.0, 18.0, 9.0, 20.0, 34.0, 4.0, 10.0, 21.0, 36.0, 30.0, 0.0, 4.0, 23.0	0
Q02792	58.0, 60.0, 83.0, 60.0, 10.0, 40.0, 77.0, 51.0, 21.0, 55.0, 83.0, 70.0, 26.0, 44.0, 55.0, 63.0, 39.0, 14.0, 42.0, 55.0	0
P53303	26.0, 22.0, 21.0, 34.0, 15.0, 29.0, 51.0, 25.0, 8.0, 37.0, 32.0, 33.0, 12.0, 17.0, 22.0, 30.0, 30.0, 3.0, 12.0, 27.0	0
Q04958	85.0, 74.0, 100.0, 79.0, 10.0, 60.0, 85.0, 95.0, 50.0, 105.0, 169.0, 94.0, 37.0, 71.0, 78.0, 203.0, 119.0, 16.0, 57.0, 92.0	0
P27801	21.0, 24.0, 88.0, 57.0, 12.0, 26.0, 61.0, 24.0, 20.0, 88.0, 124.0, 89.0, 22.0, 45.0, 23.0, 57.0, 53.0, 19.0, 24.0, 41.0	1
P38339	40.0, 22.0, 43.0, 37.0, 5.0, 28.0, 40.0, 19.0, 16.0, 43.0, 67.0, 59.0, 20.0, 22.0, 36.0, 75.0, 43.0, 4.0, 15.0, 32.0	0
P09232	49.0, 18.0, 38.0, 52.0, 4.0, 21.0, 42.0, 55.0, 27.0, 35.0, 45.0, 60.0, 7.0, 28.0, 21.0, 52.0, 31.0, 4.0, 13.0, 33.0	1
P32486	42.0, 26.0, 46.0, 59.0, 6.0, 27.0, 33.0, 55.0, 15.0, 34.0, 55.0, 20.0, 13.0, 33.0, 46.0, 78.0, 50.0, 14.0, 41.0, 27.0	0
P53112	26.0, 12.0, 20.0, 28.0, 0.0, 14.0, 37.0, 14.0, 1.0, 25.0, 23.0, 36.0, 12.0, 9.0, 14.0, 28.0, 15.0, 4.0, 6.0, 17.0	0
P53252	26.0, 20.0, 8.0, 26.0, 0.0, 23.0, 44.0, 19.0, 4.0, 19.0, 30.0, 20.0, 2.0, 9.0, 17.0, 29.0, 15.0, 3.0, 12.0, 13.0	0
P52891	36.0, 27.0, 44.0, 42.0, 7.0, 30.0, 72.0, 21.0, 15.0, 64.0, 97.0, 42.0, 11.0, 28.0, 24.0, 60.0, 32.0, 9.0, 28.0, 37.0	0
P04050	98.0, 83.0, 71.0, 102.0, 21.0, 66.0, 117.0, 115.0, 35.0, 97.0, 143.0, 93.0, 44.0, 58.0, 124.0, 163.0, 115.0, 13.0, 58.0, 117.0	0
P25293	20.0, 14.0, 19.0, 39.0, 4.0, 28.0, 60.0, 21.0, 4.0, 24.0, 39.0, 28.0, 4.0, 20.0, 22.0, 23.0, 18.0, 4.0, 10.0, 16.0	0
P38798	37.0, 53.0, 60.0, 102.0, 5.0, 34.0, 107.0, 34.0, 15.0, 81.0, 111.0, 108.0, 19.0, 60.0, 38.0, 84.0, 53.0, 6.0, 32.0, 50.0	0
P53939	16.0, 29.0, 30.0, 17.0, 2.0, 18.0, 16.0, 11.0, 12.0, 22.0, 33.0, 23.0, 10.0, 13.0, 27.0, 61.0, 39.0, 2.0, 12.0, 14.0	0
P34246	23.0, 15.0, 18.0, 19.0, 6.0, 8.0, 23.0, 16.0, 9.0, 20.0, 35.0, 26.0, 11.0, 15.0, 19.0, 35.0, 18.0, 4.0, 8.0, 29.0	0
P26570	25.0, 35.0, 63.0, 44.0, 12.0, 21.0, 33.0, 28.0, 24.0, 29.0, 51.0, 48.0, 11.0, 26.0, 36.0, 110.0, 38.0, 4.0, 22.0, 32.0	0
P08964	73.0, 83.0, 151.0, 107.0, 14.0, 110.0, 204.0, 52.0, 31.0, 133.0, 229.0, 208.0, 28.0, 61.0, 32.0, 182.0, 94.0, 11.0, 57.0, 68.0	0
P40038	20.0, 23.0, 41.0, 29.0, 5.0, 22.0, 22.0, 17.0, 8.0, 20.0, 35.0, 22.0, 9.0, 14.0, 14.0, 53.0, 30.0, 1.0, 12.0, 23.0	0
P38199	31.0, 18.0, 26.0, 20.0, 2.0, 7.0, 35.0, 24.0, 8.0, 39.0, 25.0, 30.0, 3.0, 13.0, 16.0, 34.0, 22.0, 0.0, 6.0, 22.0	0
Q01919	42.0, 59.0, 57.0, 43.0, 5.0, 23.0, 49.0, 41.0, 27.0, 47.0, 57.0, 59.0, 10.0, 19.0, 47.0, 88.0, 51.0, 5.0, 28.0, 43.0	0
Q12511	30.0, 30.0, 36.0, 36.0, 3.0, 17.0, 31.0, 33.0, 10.0, 38.0, 51.0, 42.0, 8.0, 20.0, 33.0, 61.0, 36.0, 2.0, 22.0, 33.0	0
P36015	13.0, 8.0, 6.0, 11.0, 3.0, 11.0, 18.0, 12.0, 3.0, 13.0, 16.0, 17.0, 6.0, 8.0, 4.0, 16.0, 11.0, 1.0, 10.0, 13.0	1
P40413	40.0, 22.0, 17.0, 50.0, 9.0, 28.0, 36.0, 39.0, 9.0, 47.0, 54.0, 50.0, 16.0, 17.0, 20.0, 38.0, 24.0, 2.0, 7.0, 37.0	0
P40169	23.0, 18.0, 18.0, 6.0, 6.0, 9.0, 8.0, 16.0, 5.0, 15.0, 27.0, 13.0, 6.0, 22.0, 13.0, 26.0, 27.0, 7.0, 14.0, 22.0	0
P32861	23.0, 26.0, 33.0, 31.0, 4.0, 12.0, 31.0, 30.0, 16.0, 34.0, 57.0, 35.0, 7.0, 21.0, 21.0, 39.0, 29.0, 3.0, 11.0, 36.0	0
Q08562	83.0, 83.0, 108.0, 99.0, 22.0, 88.0, 130.0, 63.0, 30.0, 99.0, 158.0, 146.0, 32.0, 60.0, 54.0, 151.0, 88.0, 11.0, 36.0, 78.0	0
P39904	29.0, 24.0, 60.0, 44.0, 6.0, 38.0, 38.0, 13.0, 9.0, 49.0, 70.0, 47.0, 10.0, 39.0, 21.0, 53.0, 41.0, 3.0, 26.0, 21.0	1
P37370	77.0, 19.0, 35.0, 28.0, 0.0, 21.0, 15.0, 45.0, 15.0, 33.0, 49.0, 47.0, 13.0, 11.0, 183.0, 126.0, 52.0, 1.0, 3.0, 44.0	0
P40528	53.0, 54.0, 36.0, 47.0, 16.0, 33.0, 40.0, 36.0, 20.0, 51.0, 92.0, 47.0, 25.0, 58.0, 35.0, 92.0, 57.0, 22.0, 41.0, 47.0	0
P32571	33.0, 27.0, 78.0, 49.0, 20.0, 42.0, 43.0, 32.0, 29.0, 79.0, 91.0, 73.0, 18.0, 42.0, 43.0, 106.0, 50.0, 6.0, 33.0, 32.0	0
Q03897	47.0, 55.0, 79.0, 84.0, 26.0, 35.0, 72.0, 61.0, 30.0, 72.0, 89.0, 73.0, 15.0, 56.0, 56.0, 120.0, 58.0, 26.0, 40.0, 54.0	0
P40009	33.0, 35.0, 36.0, 49.0, 11.0, 24.0, 33.0, 42.0, 17.0, 40.0, 57.0, 35.0, 13.0, 45.0, 26.0, 57.0, 27.0, 11.0, 18.0, 21.0	0
P43587	5.0, 15.0, 11.0, 10.0, 3.0, 12.0, 20.0, 5.0, 5.0, 4.0, 5.0, 11.0, 5.0, 2.0, 7.0, 18.0, 5.0, 1.0, 4.0, 7.0	0
P14772	77.0, 72.0, 87.0, 72.0, 17.0, 45.0, 94.0, 73.0, 16.0, 139.0, 186.0, 96.0, 39.0, 76.0, 57.0, 146.0, 81.0, 20.0, 61.0, 105.0	0
P17555	42.0, 13.0, 31.0, 31.0, 4.0, 22.0, 36.0, 29.0, 5.0, 30.0, 36.0, 46.0, 7.0, 20.0, 35.0, 58.0, 31.0, 5.0, 15.0, 30.0	0
P26309	36.0, 34.0, 34.0, 34.0, 10.0, 24.0, 28.0, 41.0, 14.0, 43.0, 46.0, 39.0, 11.0, 14.0, 27.0, 76.0, 45.0, 11.0, 16.0, 27.0	0
Q03957	14.0, 28.0, 57.0, 23.0, 6.0, 24.0, 28.0, 29.0, 11.0, 26.0, 46.0, 46.0, 12.0, 17.0, 25.0, 51.0, 32.0, 4.0, 26.0, 23.0	0
P32892	48.0, 47.0, 35.0, 57.0, 1.0, 25.0, 84.0, 46.0, 8.0, 46.0, 62.0, 81.0, 20.0, 24.0, 23.0, 52.0, 34.0, 3.0, 9.0, 47.0	0
P48510	50.0, 13.0, 36.0, 20.0, 0.0, 27.0, 13.0, 33.0, 5.0, 10.0, 27.0, 8.0, 22.0, 15.0, 27.0, 32.0, 18.0, 1.0, 5.0, 11.0	0
P51601	13.0, 19.0, 7.0, 9.0, 3.0, 10.0, 24.0, 15.0, 8.0, 19.0, 22.0, 13.0, 10.0, 7.0, 10.0, 13.0, 16.0, 1.0, 7.0, 17.0	0
